97 0.161 0.139 0.197 0.140
101 0.477 0.132 0.077 0.147
7 0.828 0.155 0.080 0.098
82 0.939 0.160 0.086 0.088
73 0.884 0.309 0.049 0.088
4 0.819 0.319 0.087 0.094
65 0.709 0.323 0.099 0.091
91 0.596 0.316 0.076 0.112
54 0.480 0.321 0.093 0.103
1 0.355 0.318 0.093 0.124
28 0.244 0.335 0.094 0.098
12 0.128 0.333 0.108 0.109
21 0.150 0.481 0.118 0.157
21 0.263 0.472 0.097 0.147
78 0.373 0.464 0.089 0.145
47 0.475 0.463 0.080 0.147
93 0.587 0.456 0.090 0.140
60 0.684 0.452 0.069 0.134
60 0.771 0.448 0.084 0.132
37 0.833 0.613 0.076 0.086
37 0.748 0.620 0.065 0.089
37 0.661 0.626 0.073 0.091
9 0.567 0.612 0.095 0.131
85 0.476 0.619 0.085 0.136
85 0.379 0.629 0.089 0.142
102 0.277 0.636 0.089 0.144
102 0.174 0.642 0.099 0.145
44 0.733 0.737 0.082 0.113
59 0.650 0.745 0.083 0.113
13 0.560 0.752 0.089 0.114
55 0.475 0.765 0.080 0.120
55 0.380 0.770 0.085 0.117
81 0.286 0.782 0.090 0.125
81 0.190 0.789 0.098 0.122
53 0.672 0.162 0.160 0.091
20 0.868 0.454 0.104 0.114
25 0.818 0.731 0.086 0.107
