97 0.202 0.240 0.259 0.173
101 0.624 0.217 0.138 0.211
12 0.158 0.481 0.156 0.137
28 0.320 0.481 0.148 0.129
1 0.477 0.460 0.162 0.168
54 0.635 0.468 0.163 0.138
91 0.796 0.457 0.130 0.148
65 0.941 0.469 0.118 0.114
21 0.195 0.668 0.150 0.192
21 0.341 0.664 0.153 0.186
78 0.497 0.655 0.137 0.180
47 0.636 0.652 0.128 0.180
93 0.787 0.653 0.149 0.191
60 0.928 0.648 0.137 0.179
102 0.229 0.879 0.142 0.181
102 0.358 0.875 0.137 0.183
85 0.497 0.872 0.134 0.179
85 0.640 0.863 0.130 0.170
9 0.777 0.857 0.126 0.169
37 0.898 0.870 0.092 0.132
53 0.898 0.255 0.203 0.131
