21 0.153 0.456 0.107 0.424
21 0.244 0.465 0.095 0.424
78 0.333 0.472 0.102 0.427
47 0.422 0.477 0.090 0.438
93 0.518 0.472 0.107 0.415
60 0.607 0.482 0.103 0.424
60 0.696 0.490 0.093 0.419
102 0.174 0.860 0.081 0.279
9 0.501 0.867 0.083 0.253
91 0.520 0.102 0.097 0.202
65 0.624 0.107 0.101 0.212
4 0.734 0.110 0.095 0.218
73 0.831 0.113 0.090 0.223
12 0.116 0.085 0.085 0.168
28 0.217 0.094 0.074 0.186
54 0.418 0.098 0.091 0.193
37 0.579 0.921 0.060 0.158
37 0.648 0.924 0.067 0.153
37 0.710 0.856 0.055 0.179
37 0.738 0.927 0.059 0.146
