12 0.117 0.134 0.081 0.213
28 0.183 0.149 0.067 0.197
54 0.321 0.153 0.073 0.222
91 0.397 0.135 0.085 0.253
65 0.480 0.157 0.090 0.236
4 0.563 0.172 0.085 0.226
73 0.633 0.163 0.068 0.247
60 0.569 0.522 0.079 0.335
60 0.497 0.510 0.089 0.331
93 0.420 0.504 0.087 0.359
47 0.351 0.482 0.081 0.341
78 0.288 0.473 0.077 0.333
21 0.223 0.458 0.073 0.328
21 0.160 0.455 0.074 0.308
102 0.177 0.810 0.076 0.274
102 0.246 0.836 0.076 0.282
85 0.306 0.850 0.073 0.278
85 0.365 0.859 0.068 0.274
9 0.425 0.869 0.071 0.255
37 0.489 0.924 0.059 0.148
37 0.554 0.930 0.050 0.140
37 0.571 0.883 0.043 0.174
37 0.625 0.898 0.037 0.164
