82 0.931 0.170 0.126 0.106
7 0.793 0.171 0.136 0.118
101 0.373 0.152 0.120 0.159
97 0.087 0.169 0.172 0.130
73 0.915 0.346 0.096 0.104
4 0.788 0.358 0.126 0.108
65 0.655 0.355 0.130 0.102
91 0.537 0.347 0.115 0.116
54 0.405 0.352 0.117 0.103
1 0.284 0.346 0.107 0.127
28 0.163 0.358 0.105 0.099
12 0.051 0.356 0.097 0.101
60 0.776 0.506 0.121 0.159
60 0.660 0.503 0.119 0.155
93 0.543 0.507 0.138 0.155
47 0.427 0.501 0.124 0.152
78 0.315 0.501 0.124 0.150
21 0.207 0.500 0.133 0.147
21 0.096 0.500 0.142 0.147
37 0.880 0.702 0.087 0.099
37 0.770 0.702 0.089 0.099
37 0.660 0.700 0.099 0.100
9 0.559 0.675 0.114 0.141
85 0.448 0.675 0.122 0.148
85 0.339 0.676 0.127 0.146
102 0.231 0.672 0.130 0.146
102 0.133 0.671 0.135 0.142
44 0.769 0.841 0.117 0.133
59 0.659 0.836 0.104 0.121
13 0.558 0.832 0.111 0.118
55 0.457 0.833 0.096 0.125
55 0.356 0.827 0.107 0.117
81 0.259 0.829 0.114 0.121
81 0.168 0.819 0.118 0.126
53 0.599 0.178 0.178 0.105
20 0.892 0.517 0.111 0.126
25 0.864 0.843 0.113 0.127
