21 0.297 0.093 0.067 0.183
78 0.402 0.097 0.078 0.191
47 0.453 0.102 0.080 0.202
93 0.509 0.104 0.079 0.205
60 0.565 0.105 0.077 0.208
60 0.622 0.107 0.074 0.212
102 0.310 0.360 0.067 0.237
102 0.362 0.364 0.070 0.232
85 0.410 0.367 0.075 0.232
85 0.458 0.377 0.070 0.236
9 0.516 0.377 0.075 0.266
37 0.559 0.438 0.066 0.170
37 0.604 0.437 0.048 0.172
37 0.661 0.445 0.054 0.165
81 0.327 0.619 0.063 0.201
81 0.372 0.634 0.063 0.213
55 0.420 0.642 0.072 0.216
13 0.511 0.658 0.070 0.221
59 0.560 0.671 0.067 0.221
44 0.609 0.683 0.067 0.222
25 0.657 0.688 0.046 0.232
