97 0.142 0.273 0.116 0.119
26 0.301 0.272 0.136 0.120
94 0.423 0.314 0.087 0.042
31 0.510 0.319 0.075 0.040
71 0.420 0.222 0.087 0.069
41 0.520 0.218 0.062 0.086
84 0.769 0.278 0.127 0.130
5 0.159 0.416 0.095 0.119
16 0.301 0.417 0.139 0.126
27 0.620 0.413 0.122 0.115
54 0.754 0.411 0.098 0.112
74 0.337 0.685 0.062 0.119
46 0.259 0.560 0.090 0.113
28 0.344 0.566 0.065 0.097
91 0.171 0.556 0.075 0.117
56 0.416 0.543 0.061 0.112
6 0.495 0.546 0.078 0.117
42 0.182 0.696 0.054 0.123
73 0.286 0.686 0.036 0.119
70 0.429 0.679 0.069 0.110
66 0.567 0.664 0.055 0.091
66 0.502 0.667 0.061 0.090
80 0.711 0.660 0.077 0.099
80 0.641 0.665 0.069 0.105
17 0.782 0.653 0.064 0.079
37 0.425 0.796 0.051 0.090
37 0.279 0.810 0.071 0.095
37 0.204 0.816 0.068 0.100
79 0.350 0.803 0.071 0.091
86 0.491 0.788 0.062 0.098
24 0.562 0.785 0.056 0.087
63 0.625 0.782 0.064 0.092
0 0.706 0.784 0.067 0.095
72 0.769 0.783 0.071 0.105
81 0.206 0.948 0.075 0.104
55 0.283 0.943 0.068 0.113
44 0.357 0.940 0.074 0.120
102 0.433 0.937 0.067 0.123
85 0.490 0.934 0.059 0.129
40 0.625 0.922 0.064 0.120
21 0.689 0.914 0.072 0.124
78 0.753 0.909 0.084 0.127
23 0.557 0.925 0.080 0.125
