26 0.075 0.490 0.147 0.140
3 0.638 0.496 0.165 0.148
16 0.076 0.653 0.151 0.142
27 0.441 0.652 0.141 0.133
54 0.648 0.657 0.134 0.136
74 0.131 0.940 0.062 0.121
46 0.042 0.803 0.071 0.133
28 0.384 0.513 0.073 0.105
28 0.509 0.507 0.080 0.116
28 0.129 0.812 0.092 0.114
6 0.316 0.803 0.083 0.143
31 0.306 0.541 0.085 0.051
71 0.212 0.440 0.066 0.067
94 0.202 0.540 0.080 0.046
41 0.313 0.445 0.070 0.052
56 0.230 0.802 0.066 0.138
73 0.070 0.938 0.049 0.112
70 0.231 0.943 0.073 0.114
66 0.321 0.944 0.088 0.106
66 0.405 0.946 0.081 0.107
80 0.496 0.947 0.082 0.106
80 0.586 0.947 0.093 0.104
