97 0.173 0.414 0.127 0.097
26 0.303 0.406 0.133 0.114
3 0.759 0.406 0.121 0.130
5 0.178 0.526 0.107 0.094
16 0.310 0.537 0.118 0.108
27 0.588 0.540 0.121 0.104
54 0.756 0.542 0.119 0.109
1 0.157 0.755 0.059 0.102
74 0.348 0.767 0.051 0.102
46 0.279 0.656 0.065 0.088
28 0.551 0.431 0.071 0.093
28 0.666 0.425 0.064 0.113
28 0.350 0.663 0.065 0.087
6 0.486 0.658 0.074 0.114
91 0.209 0.641 0.051 0.099
31 0.487 0.450 0.057 0.042
71 0.412 0.371 0.062 0.061
41 0.494 0.371 0.059 0.067
7 0.156 0.639 0.049 0.091
56 0.412 0.653 0.051 0.110
42 0.226 0.763 0.070 0.096
73 0.298 0.766 0.039 0.109
70 0.425 0.776 0.064 0.103
66 0.494 0.767 0.062 0.077
66 0.565 0.776 0.059 0.087
80 0.632 0.789 0.076 0.098
80 0.703 0.795 0.065 0.105
17 0.778 0.799 0.071 0.094
37 0.436 0.887 0.061 0.078
37 0.312 0.873 0.057 0.076
37 0.188 0.863 0.060 0.083
37 0.369 0.880 0.057 0.076
86 0.497 0.893 0.068 0.087
24 0.565 0.899 0.065 0.098
63 0.635 0.905 0.079 0.091
72 0.769 0.934 0.077 0.120
