97 0.306 0.234 0.120 0.092
97 0.440 0.236 0.123 0.086
26 0.569 0.237 0.109 0.087
28 0.666 0.243 0.068 0.073
28 0.756 0.247 0.050 0.077
16 0.440 0.342 0.114 0.095
27 0.697 0.344 0.112 0.098
54 0.833 0.349 0.089 0.090
1 0.265 0.451 0.076 0.101
74 0.332 0.453 0.050 0.096
73 0.416 0.453 0.033 0.095
28 0.466 0.468 0.061 0.070
6 0.529 0.456 0.065 0.097
91 0.583 0.457 0.047 0.095
66 0.284 0.563 0.057 0.092
66 0.343 0.566 0.056 0.092
17 0.644 0.572 0.061 0.083
70 0.705 0.568 0.067 0.097
80 0.764 0.573 0.078 0.088
80 0.836 0.575 0.057 0.092
37 0.281 0.694 0.053 0.085
37 0.346 0.698 0.062 0.094
37 0.404 0.691 0.055 0.084
37 0.463 0.689 0.064 0.100
37 0.522 0.687 0.066 0.099
21 0.636 0.684 0.068 0.107
21 0.703 0.687 0.062 0.112
78 0.756 0.686 0.056 0.103
78 0.816 0.689 0.053 0.111
81 0.288 0.814 0.059 0.103
81 0.346 0.816 0.059 0.108
55 0.408 0.815 0.056 0.101
44 0.464 0.819 0.057 0.112
102 0.524 0.821 0.059 0.116
102 0.579 0.817 0.051 0.109
85 0.634 0.819 0.064 0.110
23 0.688 0.819 0.054 0.109
40 0.747 0.818 0.070 0.112
78 0.803 0.820 0.051 0.113
84 0.836 0.245 0.107 0.082
36 0.567 0.352 0.103 0.086
63 0.458 0.571 0.053 0.086
5 0.310 0.343 0.100 0.100
24 0.574 0.693 0.047 0.093
86 0.403 0.565 0.059 0.093
