78 0.675 0.165 0.056 0.156
78 0.612 0.166 0.065 0.151
78 0.545 0.168 0.062 0.163
21 0.477 0.165 0.068 0.160
21 0.405 0.162 0.068 0.158
21 0.335 0.159 0.068 0.166
59 0.607 0.359 0.065 0.151
60 0.537 0.362 0.072 0.144
60 0.472 0.362 0.061 0.144
76 0.410 0.359 0.067 0.151
47 0.350 0.359 0.059 0.151
44 0.672 0.534 0.068 0.150
98 0.599 0.527 0.062 0.142
98 0.537 0.528 0.061 0.143
85 0.420 0.542 0.064 0.143
102 0.356 0.541 0.061 0.140
37 0.604 0.716 0.049 0.086
37 0.545 0.722 0.051 0.085
37 0.493 0.719 0.054 0.077
58 0.427 0.702 0.065 0.123
20 0.369 0.722 0.061 0.110
51 0.647 0.832 0.062 0.123
55 0.600 0.836 0.052 0.109
81 0.489 0.836 0.048 0.109
81 0.432 0.847 0.057 0.127
13 0.373 0.848 0.061 0.122
