97 0.183 0.111 0.164 0.187
26 0.366 0.106 0.154 0.211
3 0.848 0.105 0.115 0.207
5 0.181 0.355 0.147 0.211
16 0.365 0.353 0.147 0.216
27 0.680 0.350 0.136 0.200
54 0.850 0.348 0.125 0.201
1 0.163 0.870 0.079 0.207
74 0.407 0.852 0.058 0.203
46 0.323 0.624 0.094 0.201
28 0.409 0.636 0.050 0.175
28 0.639 0.129 0.043 0.174
28 0.769 0.133 0.053 0.190
6 0.576 0.596 0.075 0.220
91 0.229 0.615 0.068 0.208
31 0.579 0.179 0.077 0.079
94 0.486 0.179 0.073 0.072
7 0.153 0.628 0.075 0.205
56 0.504 0.598 0.067 0.221
42 0.252 0.859 0.077 0.203
73 0.354 0.859 0.042 0.211
70 0.498 0.843 0.075 0.211
66 0.569 0.824 0.064 0.175
66 0.640 0.820 0.081 0.171
80 0.718 0.826 0.069 0.185
80 0.792 0.822 0.080 0.181
17 0.876 0.799 0.064 0.161
