97 0.174 0.327 0.136 0.124
26 0.323 0.315 0.142 0.139
94 0.441 0.367 0.065 0.041
31 0.528 0.368 0.075 0.040
71 0.441 0.274 0.071 0.063
41 0.536 0.269 0.072 0.073
84 0.858 0.319 0.148 0.138
5 0.162 0.461 0.119 0.111
16 0.332 0.463 0.140 0.116
27 0.661 0.467 0.150 0.123
54 0.854 0.468 0.122 0.115
1 0.177 0.706 0.058 0.102
74 0.373 0.716 0.059 0.101
46 0.297 0.594 0.072 0.102
28 0.379 0.604 0.064 0.093
7 0.162 0.590 0.059 0.101
91 0.210 0.583 0.064 0.107
56 0.460 0.595 0.072 0.110
6 0.532 0.607 0.082 0.127
42 0.245 0.713 0.069 0.098
73 0.323 0.710 0.038 0.104
70 0.458 0.722 0.077 0.099
66 0.610 0.714 0.068 0.075
66 0.533 0.710 0.074 0.073
80 0.770 0.736 0.090 0.098
80 0.688 0.728 0.085 0.092
37 0.465 0.826 0.068 0.077
37 0.324 0.816 0.059 0.073
37 0.253 0.813 0.064 0.073
37 0.193 0.813 0.056 0.069
79 0.390 0.826 0.062 0.075
86 0.532 0.831 0.074 0.075
24 0.596 0.836 0.069 0.079
63 0.680 0.848 0.084 0.090
0 0.758 0.859 0.078 0.086
72 0.834 0.868 0.087 0.112
81 0.269 0.948 0.079 0.105
81 0.204 0.945 0.078 0.110
55 0.334 0.948 0.070 0.104
44 0.400 0.950 0.069 0.100
102 0.467 0.953 0.061 0.094
85 0.533 0.954 0.069 0.092
40 0.675 0.960 0.068 0.081
21 0.743 0.965 0.060 0.071
78 0.813 0.969 0.071 0.062
23 0.603 0.959 0.065 0.083
