97 0.240 0.213 0.126 0.098
26 0.393 0.211 0.147 0.108
3 0.862 0.219 0.118 0.141
5 0.225 0.337 0.109 0.105
16 0.387 0.343 0.130 0.112
27 0.701 0.358 0.122 0.111
54 0.837 0.359 0.114 0.117
1 0.210 0.576 0.056 0.102
74 0.403 0.585 0.044 0.100
46 0.338 0.467 0.074 0.103
28 0.647 0.233 0.045 0.104
28 0.758 0.236 0.066 0.106
28 0.416 0.481 0.072 0.090
6 0.563 0.477 0.076 0.116
91 0.259 0.460 0.051 0.106
31 0.584 0.253 0.076 0.043
71 0.515 0.164 0.068 0.074
94 0.500 0.255 0.065 0.044
41 0.604 0.163 0.070 0.076
7 0.207 0.461 0.042 0.094
56 0.488 0.470 0.059 0.113
42 0.266 0.576 0.050 0.097
73 0.365 0.580 0.036 0.103
70 0.485 0.589 0.056 0.106
66 0.554 0.585 0.053 0.087
66 0.617 0.590 0.060 0.094
80 0.688 0.599 0.068 0.095
80 0.768 0.601 0.067 0.100
17 0.840 0.604 0.065 0.084
37 0.478 0.700 0.054 0.090
37 0.352 0.689 0.053 0.083
37 0.279 0.687 0.071 0.078
37 0.214 0.687 0.044 0.082
37 0.418 0.690 0.048 0.077
86 0.540 0.701 0.061 0.087
24 0.610 0.707 0.064 0.092
63 0.675 0.710 0.065 0.094
0 0.749 0.719 0.064 0.102
72 0.813 0.725 0.065 0.111
81 0.219 0.809 0.066 0.116
81 0.280 0.810 0.055 0.111
81 0.344 0.814 0.051 0.115
44 0.408 0.821 0.062 0.121
102 0.471 0.825 0.064 0.113
85 0.530 0.830 0.059 0.115
23 0.588 0.832 0.068 0.117
40 0.653 0.841 0.065 0.118
21 0.714 0.841 0.064 0.114
78 0.779 0.848 0.064 0.116
