21 0.214 0.187 0.085 0.210
21 0.298 0.190 0.075 0.192
78 0.364 0.194 0.069 0.214
47 0.431 0.186 0.065 0.198
93 0.499 0.187 0.074 0.211
60 0.573 0.185 0.068 0.223
60 0.643 0.184 0.073 0.211
20 0.716 0.206 0.069 0.187
102 0.235 0.501 0.089 0.204
102 0.300 0.504 0.065 0.198
85 0.369 0.509 0.066 0.201
85 0.427 0.511 0.056 0.198
9 0.501 0.505 0.068 0.220
37 0.566 0.551 0.062 0.153
37 0.632 0.558 0.069 0.165
37 0.703 0.558 0.068 0.175
44 0.629 0.811 0.060 0.285
59 0.564 0.806 0.061 0.255
13 0.496 0.789 0.056 0.230
55 0.434 0.802 0.059 0.250
55 0.370 0.790 0.068 0.240
81 0.313 0.781 0.064 0.246
81 0.250 0.773 0.077 0.233
25 0.694 0.811 0.055 0.268
