1 0.136 0.239 0.081 0.213
74 0.364 0.246 0.048 0.228
42 0.222 0.243 0.058 0.193
73 0.308 0.243 0.044 0.201
70 0.456 0.261 0.069 0.208
66 0.533 0.261 0.065 0.180
66 0.607 0.264 0.074 0.174
80 0.686 0.253 0.066 0.198
80 0.763 0.256 0.081 0.198
17 0.848 0.247 0.071 0.177
37 0.163 0.489 0.060 0.170
37 0.236 0.501 0.075 0.170
37 0.305 0.498 0.056 0.170
37 0.451 0.491 0.064 0.204
37 0.376 0.501 0.077 0.175
86 0.521 0.500 0.070 0.194
24 0.593 0.498 0.071 0.178
63 0.665 0.511 0.066 0.168
0 0.742 0.515 0.071 0.175
72 0.807 0.519 0.059 0.180
81 0.175 0.745 0.071 0.236
81 0.253 0.746 0.055 0.243
81 0.319 0.745 0.070 0.227
44 0.383 0.746 0.073 0.231
102 0.449 0.744 0.061 0.223
85 0.514 0.747 0.066 0.231
23 0.574 0.750 0.079 0.234
40 0.641 0.756 0.067 0.244
21 0.711 0.756 0.089 0.249
78 0.777 0.761 0.073 0.240
