66 0.643 0.547 0.054 0.093
66 0.581 0.548 0.059 0.093
66 0.515 0.547 0.059 0.093
37 0.389 0.372 0.054 0.087
37 0.334 0.376 0.051 0.089
37 0.458 0.374 0.054 0.090
37 0.518 0.369 0.045 0.090
37 0.578 0.366 0.059 0.102
37 0.632 0.362 0.062 0.099
86 0.452 0.544 0.054 0.101
86 0.390 0.545 0.062 0.097
24 0.329 0.546 0.056 0.095
81 0.515 0.869 0.064 0.146
81 0.454 0.873 0.068 0.157
81 0.389 0.874 0.068 0.161
55 0.583 0.878 0.061 0.161
55 0.650 0.878 0.069 0.165
44 0.327 0.877 0.074 0.168
102 0.454 0.695 0.062 0.145
102 0.519 0.699 0.062 0.143
85 0.585 0.697 0.072 0.146
85 0.642 0.707 0.071 0.152
21 0.385 0.172 0.061 0.132
21 0.327 0.177 0.059 0.122
78 0.449 0.172 0.055 0.125
78 0.507 0.174 0.065 0.117
78 0.572 0.174 0.055 0.117
78 0.637 0.163 0.061 0.132
