97 0.277 0.251 0.118 0.094
26 0.390 0.249 0.098 0.090
28 0.599 0.264 0.033 0.067
28 0.681 0.264 0.036 0.070
16 0.393 0.353 0.115 0.088
27 0.629 0.350 0.097 0.078
54 0.740 0.348 0.082 0.079
7 0.255 0.460 0.047 0.077
91 0.300 0.451 0.049 0.084
28 0.430 0.462 0.039 0.063
56 0.490 0.450 0.051 0.087
6 0.540 0.451 0.057 0.087
1 0.257 0.560 0.062 0.087
42 0.319 0.554 0.050 0.086
73 0.387 0.551 0.043 0.083
74 0.424 0.549 0.047 0.081
70 0.481 0.546 0.064 0.085
66 0.532 0.543 0.041 0.074
66 0.585 0.540 0.061 0.070
80 0.644 0.541 0.054 0.074
80 0.702 0.540 0.061 0.077
17 0.753 0.533 0.041 0.068
37 0.264 0.656 0.059 0.084
37 0.319 0.654 0.055 0.082
37 0.374 0.645 0.054 0.074
79 0.428 0.641 0.055 0.075
37 0.480 0.638 0.053 0.070
86 0.533 0.637 0.051 0.080
81 0.273 0.763 0.059 0.094
81 0.328 0.759 0.051 0.094
55 0.381 0.756 0.057 0.097
44 0.430 0.753 0.050 0.092
102 0.485 0.749 0.062 0.098
85 0.533 0.743 0.056 0.095
23 0.583 0.740 0.059 0.091
40 0.629 0.738 0.059 0.093
21 0.678 0.728 0.053 0.091
71 0.498 0.214 0.044 0.049
41 0.558 0.208 0.039 0.057
94 0.489 0.285 0.057 0.036
31 0.549 0.284 0.060 0.034
24 0.583 0.636 0.050 0.076
63 0.631 0.630 0.045 0.069
0 0.688 0.629 0.047 0.066
72 0.738 0.633 0.051 0.074
5 0.270 0.354 0.098 0.088
46 0.371 0.457 0.059 0.071
84 0.744 0.256 0.092 0.094
36 0.507 0.364 0.088 0.070
