26 0.092 0.331 0.177 0.135
3 0.657 0.321 0.147 0.146
16 0.110 0.483 0.153 0.133
27 0.486 0.483 0.153 0.127
54 0.647 0.488 0.124 0.131
74 0.160 0.772 0.062 0.126
46 0.065 0.630 0.092 0.129
28 0.402 0.346 0.064 0.110
28 0.542 0.341 0.076 0.109
28 0.165 0.642 0.085 0.110
6 0.341 0.634 0.095 0.139
31 0.328 0.373 0.089 0.053
71 0.227 0.264 0.072 0.077
94 0.225 0.373 0.076 0.044
41 0.341 0.262 0.070 0.087
56 0.250 0.630 0.077 0.131
73 0.110 0.765 0.059 0.119
70 0.264 0.773 0.068 0.120
66 0.351 0.756 0.073 0.092
66 0.430 0.762 0.067 0.098
80 0.515 0.768 0.089 0.114
80 0.600 0.771 0.083 0.115
37 0.272 0.899 0.064 0.100
37 0.116 0.902 0.068 0.116
37 0.030 0.895 0.060 0.097
37 0.201 0.892 0.070 0.094
86 0.349 0.897 0.082 0.094
24 0.433 0.900 0.079 0.102
63 0.506 0.900 0.071 0.110
72 0.678 0.915 0.095 0.130
