97 0.262 0.292 0.103 0.089
26 0.378 0.292 0.106 0.095
3 0.752 0.300 0.103 0.095
5 0.259 0.390 0.100 0.081
16 0.378 0.398 0.103 0.094
27 0.620 0.400 0.088 0.087
54 0.734 0.403 0.089 0.086
1 0.228 0.595 0.048 0.087
74 0.400 0.596 0.041 0.085
46 0.344 0.497 0.061 0.077
28 0.580 0.308 0.050 0.072
28 0.669 0.310 0.065 0.076
28 0.410 0.507 0.051 0.072
6 0.520 0.498 0.060 0.089
91 0.277 0.496 0.049 0.084
31 0.535 0.326 0.056 0.034
71 0.475 0.258 0.048 0.049
94 0.472 0.325 0.049 0.028
41 0.540 0.254 0.054 0.057
7 0.224 0.500 0.051 0.078
56 0.471 0.500 0.051 0.088
42 0.293 0.600 0.068 0.089
73 0.361 0.598 0.041 0.089
70 0.467 0.599 0.053 0.085
66 0.523 0.595 0.054 0.078
66 0.573 0.600 0.054 0.083
80 0.635 0.600 0.050 0.080
80 0.694 0.603 0.059 0.085
17 0.757 0.599 0.062 0.075
37 0.231 0.693 0.044 0.077
37 0.291 0.693 0.055 0.079
37 0.351 0.698 0.051 0.083
37 0.463 0.696 0.043 0.076
37 0.410 0.699 0.055 0.082
86 0.515 0.698 0.053 0.082
24 0.573 0.698 0.061 0.076
63 0.630 0.698 0.053 0.076
0 0.692 0.705 0.056 0.087
72 0.747 0.710 0.049 0.083
81 0.230 0.807 0.064 0.099
81 0.287 0.813 0.064 0.099
81 0.343 0.812 0.056 0.104
44 0.404 0.817 0.051 0.105
102 0.458 0.820 0.059 0.112
85 0.512 0.817 0.053 0.115
23 0.564 0.818 0.057 0.104
40 0.614 0.820 0.061 0.112
21 0.671 0.819 0.062 0.111
78 0.728 0.820 0.055 0.117
