97 0.213 0.250 0.117 0.180
26 0.340 0.246 0.112 0.187
3 0.748 0.246 0.103 0.182
5 0.209 0.449 0.103 0.170
16 0.348 0.457 0.124 0.185
27 0.622 0.452 0.113 0.164
54 0.746 0.458 0.106 0.174
1 0.187 0.849 0.061 0.154
74 0.380 0.855 0.047 0.175
46 0.316 0.657 0.065 0.149
28 0.386 0.674 0.055 0.138
28 0.574 0.269 0.033 0.145
28 0.684 0.274 0.043 0.152
6 0.515 0.653 0.061 0.178
91 0.241 0.649 0.046 0.164
31 0.522 0.315 0.065 0.062
71 0.455 0.175 0.059 0.096
94 0.451 0.318 0.058 0.060
41 0.533 0.168 0.052 0.119
7 0.193 0.655 0.045 0.162
56 0.448 0.647 0.055 0.172
42 0.259 0.852 0.052 0.165
73 0.334 0.849 0.041 0.162
70 0.456 0.849 0.059 0.174
66 0.512 0.840 0.047 0.154
66 0.575 0.839 0.064 0.145
80 0.649 0.846 0.057 0.157
80 0.709 0.847 0.059 0.161
17 0.777 0.841 0.054 0.129
