97 0.237 0.266 0.100 0.078
26 0.355 0.261 0.116 0.090
94 0.449 0.293 0.058 0.033
31 0.519 0.290 0.056 0.025
71 0.450 0.218 0.058 0.050
41 0.525 0.215 0.062 0.069
84 0.739 0.260 0.114 0.104
5 0.236 0.365 0.084 0.092
16 0.359 0.368 0.113 0.090
27 0.612 0.370 0.110 0.092
54 0.739 0.371 0.097 0.092
74 0.377 0.593 0.059 0.100
46 0.312 0.485 0.074 0.085
28 0.379 0.489 0.061 0.079
91 0.243 0.479 0.062 0.099
56 0.450 0.481 0.052 0.104
6 0.515 0.485 0.068 0.098
42 0.254 0.590 0.062 0.092
73 0.336 0.592 0.043 0.090
70 0.448 0.596 0.071 0.100
66 0.570 0.589 0.058 0.082
66 0.512 0.589 0.059 0.092
80 0.706 0.593 0.071 0.094
80 0.640 0.596 0.069 0.088
17 0.774 0.588 0.059 0.077
37 0.444 0.703 0.062 0.092
37 0.320 0.706 0.058 0.090
37 0.251 0.704 0.072 0.088
79 0.382 0.701 0.064 0.093
86 0.502 0.703 0.068 0.093
24 0.568 0.701 0.054 0.092
63 0.629 0.710 0.062 0.098
0 0.697 0.711 0.068 0.090
72 0.755 0.712 0.061 0.091
81 0.259 0.832 0.065 0.120
81 0.188 0.836 0.074 0.127
55 0.315 0.836 0.074 0.119
44 0.378 0.834 0.078 0.124
102 0.447 0.836 0.062 0.128
85 0.505 0.838 0.061 0.127
40 0.627 0.836 0.055 0.125
21 0.690 0.840 0.071 0.123
78 0.745 0.840 0.065 0.122
23 0.568 0.836 0.062 0.122
