97 0.266 0.208 0.103 0.088
26 0.379 0.200 0.111 0.101
94 0.465 0.238 0.055 0.026
31 0.531 0.237 0.059 0.030
71 0.468 0.167 0.056 0.053
41 0.542 0.161 0.045 0.059
84 0.763 0.203 0.122 0.105
5 0.275 0.305 0.087 0.087
16 0.379 0.309 0.111 0.085
27 0.617 0.308 0.106 0.091
54 0.739 0.312 0.100 0.090
74 0.398 0.507 0.052 0.085
46 0.349 0.410 0.052 0.077
28 0.405 0.417 0.049 0.069
18 0.282 0.409 0.049 0.081
56 0.470 0.408 0.059 0.090
6 0.526 0.410 0.071 0.090
42 0.299 0.503 0.054 0.080
73 0.360 0.503 0.033 0.082
70 0.465 0.507 0.061 0.085
66 0.570 0.507 0.058 0.075
66 0.521 0.505 0.055 0.072
80 0.693 0.513 0.068 0.077
80 0.633 0.511 0.067 0.078
17 0.754 0.509 0.064 0.071
37 0.464 0.600 0.054 0.077
37 0.358 0.595 0.045 0.078
37 0.305 0.598 0.056 0.066
37 0.260 0.592 0.056 0.071
79 0.416 0.596 0.054 0.073
86 0.519 0.603 0.062 0.073
24 0.572 0.606 0.052 0.077
0 0.688 0.611 0.058 0.085
81 0.256 0.700 0.051 0.094
55 0.308 0.701 0.067 0.090
35 0.408 0.707 0.077 0.101
102 0.462 0.714 0.058 0.099
85 0.515 0.714 0.059 0.099
21 0.667 0.721 0.058 0.102
19 0.358 0.706 0.054 0.100
90 0.614 0.718 0.048 0.101
100 0.625 0.608 0.062 0.082
47 0.742 0.616 0.061 0.088
23 0.566 0.715 0.052 0.101
88 0.730 0.722 0.059 0.104
