97 0.290 0.289 0.102 0.092
26 0.405 0.289 0.102 0.100
28 0.608 0.297 0.042 0.077
28 0.688 0.301 0.062 0.072
16 0.400 0.388 0.109 0.089
27 0.637 0.391 0.098 0.089
54 0.754 0.395 0.091 0.089
7 0.261 0.491 0.046 0.075
91 0.306 0.485 0.047 0.081
28 0.436 0.495 0.049 0.070
56 0.489 0.488 0.057 0.089
6 0.549 0.489 0.060 0.087
1 0.267 0.581 0.053 0.088
42 0.318 0.584 0.043 0.083
73 0.382 0.583 0.039 0.081
74 0.424 0.585 0.046 0.083
70 0.491 0.581 0.053 0.075
66 0.547 0.582 0.046 0.073
66 0.599 0.585 0.059 0.072
80 0.657 0.588 0.055 0.080
80 0.718 0.589 0.065 0.078
17 0.778 0.592 0.046 0.071
37 0.270 0.674 0.053 0.077
37 0.324 0.681 0.052 0.085
37 0.376 0.678 0.050 0.080
79 0.429 0.683 0.056 0.082
37 0.488 0.679 0.052 0.078
86 0.540 0.682 0.053 0.079
81 0.274 0.784 0.049 0.098
81 0.322 0.788 0.055 0.102
55 0.378 0.794 0.057 0.096
44 0.432 0.792 0.050 0.105
102 0.487 0.794 0.053 0.103
102 0.539 0.791 0.047 0.105
23 0.586 0.791 0.056 0.103
40 0.639 0.790 0.057 0.108
21 0.692 0.787 0.062 0.085
78 0.747 0.793 0.056 0.096
71 0.506 0.252 0.038 0.050
41 0.567 0.254 0.041 0.054
94 0.496 0.320 0.048 0.026
31 0.554 0.321 0.059 0.028
5 0.276 0.382 0.086 0.084
46 0.375 0.492 0.056 0.077
84 0.771 0.288 0.083 0.094
24 0.595 0.680 0.045 0.070
63 0.649 0.685 0.045 0.079
0 0.711 0.686 0.045 0.086
72 0.765 0.685 0.053 0.077
