97 0.191 0.274 0.153 0.201
26 0.359 0.278 0.137 0.193
28 0.637 0.285 0.047 0.176
28 0.761 0.286 0.071 0.176
16 0.365 0.516 0.150 0.213
27 0.684 0.508 0.142 0.194
54 0.847 0.510 0.138 0.202
7 0.165 0.776 0.060 0.196
91 0.224 0.767 0.062 0.220
28 0.407 0.782 0.071 0.178
56 0.485 0.758 0.066 0.220
6 0.566 0.761 0.078 0.226
71 0.483 0.175 0.067 0.116
41 0.575 0.165 0.057 0.142
94 0.478 0.342 0.067 0.079
31 0.572 0.342 0.082 0.065
84 0.878 0.268 0.135 0.218
57 0.542 0.519 0.115 0.171
5 0.198 0.515 0.134 0.204
46 0.323 0.790 0.084 0.177
