74 0.040 0.336 0.074 0.163
6 0.251 0.150 0.124 0.163
56 0.133 0.135 0.112 0.188
70 0.175 0.338 0.086 0.164
66 0.277 0.340 0.097 0.146
66 0.366 0.342 0.085 0.155
80 0.457 0.339 0.106 0.151
80 0.569 0.339 0.097 0.150
17 0.675 0.338 0.095 0.124
37 0.194 0.511 0.070 0.138
37 0.111 0.504 0.079 0.126
86 0.286 0.509 0.091 0.133
24 0.374 0.512 0.083 0.134
63 0.463 0.515 0.091 0.126
0 0.560 0.529 0.092 0.142
72 0.647 0.525 0.112 0.154
81 0.041 0.688 0.082 0.164
44 0.133 0.685 0.088 0.156
102 0.215 0.696 0.082 0.159
85 0.291 0.698 0.083 0.162
23 0.379 0.691 0.086 0.161
40 0.457 0.694 0.091 0.160
21 0.545 0.694 0.098 0.158
78 0.635 0.699 0.080 0.159
