97 0.236 0.229 0.115 0.089
26 0.361 0.224 0.114 0.101
3 0.763 0.223 0.098 0.109
5 0.225 0.335 0.109 0.091
16 0.365 0.338 0.116 0.096
27 0.627 0.337 0.107 0.092
54 0.775 0.339 0.098 0.091
1 0.224 0.554 0.064 0.093
74 0.395 0.549 0.051 0.092
46 0.341 0.452 0.067 0.091
28 0.590 0.237 0.045 0.085
28 0.686 0.234 0.056 0.084
28 0.408 0.450 0.056 0.076
6 0.530 0.442 0.057 0.097
91 0.272 0.445 0.056 0.093
31 0.535 0.259 0.062 0.033
71 0.471 0.180 0.059 0.056
94 0.468 0.260 0.057 0.034
41 0.542 0.178 0.051 0.062
7 0.221 0.448 0.048 0.091
56 0.468 0.446 0.056 0.093
42 0.272 0.552 0.050 0.086
73 0.358 0.548 0.044 0.084
70 0.471 0.548 0.061 0.088
66 0.523 0.540 0.054 0.074
66 0.579 0.548 0.062 0.085
80 0.641 0.545 0.059 0.083
80 0.706 0.546 0.062 0.085
17 0.767 0.544 0.060 0.075
37 0.229 0.655 0.056 0.082
37 0.291 0.651 0.068 0.090
37 0.347 0.648 0.047 0.077
37 0.467 0.646 0.056 0.082
37 0.405 0.646 0.065 0.076
86 0.521 0.645 0.050 0.076
24 0.579 0.647 0.061 0.080
63 0.633 0.645 0.050 0.078
0 0.694 0.648 0.061 0.086
72 0.749 0.650 0.067 0.090
81 0.238 0.760 0.065 0.092
81 0.297 0.760 0.064 0.095
81 0.355 0.757 0.059 0.093
44 0.406 0.762 0.062 0.108
102 0.466 0.762 0.064 0.104
85 0.520 0.756 0.057 0.108
23 0.570 0.756 0.068 0.104
40 0.621 0.759 0.059 0.104
21 0.680 0.756 0.068 0.102
78 0.734 0.752 0.050 0.094
