7 0.215 0.066 0.045 0.132
91 0.274 0.067 0.052 0.134
28 0.412 0.075 0.057 0.131
56 0.488 0.072 0.046 0.144
6 0.544 0.072 0.069 0.143
1 0.225 0.256 0.064 0.182
42 0.293 0.262 0.059 0.170
73 0.360 0.260 0.044 0.176
74 0.406 0.258 0.048 0.189
70 0.483 0.263 0.059 0.180
66 0.543 0.259 0.050 0.148
66 0.603 0.274 0.064 0.154
80 0.667 0.266 0.066 0.165
80 0.734 0.264 0.060 0.164
17 0.808 0.270 0.061 0.152
37 0.246 0.462 0.049 0.149
37 0.307 0.460 0.060 0.146
37 0.367 0.464 0.049 0.143
79 0.419 0.466 0.051 0.145
37 0.482 0.456 0.057 0.164
86 0.543 0.460 0.056 0.162
81 0.253 0.667 0.056 0.197
81 0.309 0.672 0.059 0.197
55 0.366 0.671 0.058 0.196
44 0.422 0.677 0.056 0.199
102 0.481 0.673 0.050 0.204
85 0.533 0.676 0.055 0.204
23 0.587 0.676 0.056 0.195
40 0.643 0.679 0.052 0.196
21 0.701 0.678 0.065 0.205
78 0.755 0.681 0.058 0.202
24 0.599 0.467 0.057 0.162
63 0.655 0.468 0.050 0.145
0 0.717 0.475 0.054 0.155
72 0.781 0.470 0.058 0.159
46 0.341 0.067 0.060 0.134
