97 0.296 0.241 0.104 0.070
26 0.407 0.229 0.103 0.095
3 0.747 0.228 0.094 0.095
5 0.287 0.329 0.095 0.080
16 0.408 0.335 0.098 0.083
27 0.624 0.332 0.095 0.083
54 0.754 0.334 0.092 0.084
1 0.273 0.522 0.050 0.077
74 0.434 0.523 0.043 0.080
46 0.377 0.434 0.060 0.081
28 0.433 0.439 0.035 0.065
28 0.595 0.243 0.032 0.066
28 0.684 0.241 0.039 0.070
6 0.547 0.429 0.044 0.084
91 0.317 0.429 0.047 0.082
31 0.551 0.264 0.056 0.028
71 0.489 0.200 0.049 0.048
94 0.491 0.267 0.047 0.031
41 0.558 0.192 0.045 0.059
7 0.266 0.432 0.048 0.070
56 0.496 0.428 0.043 0.083
42 0.337 0.523 0.047 0.078
73 0.397 0.525 0.038 0.082
70 0.490 0.524 0.045 0.080
66 0.545 0.520 0.056 0.078
66 0.597 0.521 0.053 0.071
80 0.648 0.520 0.053 0.078
80 0.703 0.523 0.056 0.079
17 0.764 0.519 0.051 0.068
37 0.282 0.616 0.047 0.079
37 0.336 0.617 0.051 0.076
37 0.386 0.616 0.050 0.076
37 0.488 0.616 0.053 0.081
37 0.436 0.614 0.053 0.073
86 0.545 0.614 0.048 0.083
24 0.595 0.616 0.057 0.082
63 0.644 0.618 0.044 0.076
0 0.697 0.619 0.048 0.078
72 0.750 0.623 0.045 0.081
81 0.287 0.719 0.062 0.090
81 0.341 0.724 0.059 0.096
81 0.392 0.720 0.045 0.089
44 0.438 0.720 0.047 0.094
102 0.487 0.720 0.054 0.093
85 0.537 0.718 0.051 0.097
23 0.589 0.722 0.059 0.095
40 0.640 0.720 0.048 0.100
21 0.690 0.720 0.051 0.095
78 0.735 0.721 0.051 0.094
