97 0.209 0.281 0.124 0.116
26 0.350 0.273 0.137 0.136
94 0.463 0.322 0.071 0.040
31 0.551 0.324 0.071 0.034
71 0.468 0.231 0.077 0.068
41 0.562 0.229 0.069 0.080
84 0.837 0.286 0.132 0.125
5 0.198 0.411 0.104 0.109
16 0.356 0.413 0.139 0.107
27 0.668 0.417 0.146 0.116
54 0.833 0.422 0.120 0.111
1 0.191 0.657 0.051 0.102
74 0.382 0.661 0.064 0.106
46 0.323 0.542 0.072 0.101
28 0.395 0.550 0.068 0.093
7 0.177 0.541 0.058 0.100
91 0.234 0.536 0.062 0.112
56 0.476 0.541 0.077 0.111
6 0.540 0.549 0.084 0.117
42 0.255 0.660 0.075 0.102
73 0.336 0.659 0.041 0.103
70 0.474 0.665 0.068 0.102
66 0.612 0.656 0.062 0.079
66 0.540 0.654 0.069 0.081
80 0.760 0.671 0.081 0.097
80 0.685 0.668 0.077 0.100
17 0.836 0.665 0.071 0.075
37 0.465 0.770 0.065 0.079
37 0.329 0.765 0.059 0.080
37 0.261 0.770 0.071 0.080
37 0.193 0.766 0.051 0.075
79 0.395 0.770 0.072 0.084
86 0.531 0.773 0.072 0.080
24 0.601 0.777 0.062 0.078
63 0.669 0.786 0.067 0.094
0 0.750 0.786 0.072 0.090
72 0.816 0.791 0.068 0.101
81 0.269 0.896 0.074 0.106
81 0.203 0.900 0.087 0.118
55 0.331 0.901 0.074 0.118
44 0.393 0.904 0.077 0.117
102 0.464 0.911 0.071 0.122
85 0.528 0.914 0.074 0.125
40 0.657 0.918 0.075 0.126
21 0.726 0.919 0.074 0.126
78 0.792 0.918 0.067 0.117
23 0.593 0.913 0.064 0.115
