1 0.115 0.157 0.088 0.221
74 0.357 0.174 0.067 0.224
42 0.204 0.176 0.058 0.187
73 0.296 0.182 0.053 0.216
70 0.448 0.182 0.074 0.210
66 0.518 0.198 0.058 0.182
66 0.597 0.200 0.081 0.171
80 0.677 0.184 0.075 0.197
80 0.759 0.184 0.078 0.203
17 0.849 0.174 0.068 0.177
37 0.144 0.445 0.064 0.174
37 0.296 0.442 0.066 0.172
37 0.221 0.451 0.070 0.182
37 0.449 0.429 0.060 0.205
37 0.370 0.447 0.077 0.174
86 0.521 0.439 0.077 0.187
24 0.597 0.440 0.071 0.191
63 0.664 0.447 0.058 0.180
0 0.742 0.440 0.066 0.177
72 0.816 0.445 0.057 0.205
81 0.171 0.695 0.075 0.241
81 0.242 0.695 0.064 0.257
81 0.312 0.691 0.069 0.243
44 0.380 0.694 0.081 0.246
102 0.447 0.700 0.065 0.246
85 0.513 0.697 0.070 0.261
23 0.579 0.695 0.082 0.241
40 0.648 0.699 0.074 0.247
21 0.718 0.699 0.086 0.253
78 0.788 0.700 0.073 0.253
