97 0.106 0.098 0.142 0.086
26 0.233 0.096 0.130 0.101
3 0.719 0.093 0.120 0.127
5 0.078 0.215 0.126 0.108
16 0.224 0.226 0.136 0.112
27 0.532 0.233 0.115 0.116
1 0.031 0.475 0.062 0.108
74 0.241 0.490 0.051 0.126
46 0.176 0.359 0.060 0.096
28 0.486 0.105 0.051 0.103
28 0.611 0.102 0.076 0.115
28 0.252 0.371 0.071 0.084
6 0.402 0.371 0.066 0.111
91 0.106 0.354 0.057 0.105
31 0.418 0.130 0.076 0.042
71 0.347 0.036 0.053 0.062
94 0.339 0.130 0.057 0.037
41 0.431 0.031 0.056 0.061
7 0.049 0.351 0.055 0.098
56 0.330 0.365 0.067 0.124
42 0.103 0.478 0.076 0.104
73 0.185 0.485 0.056 0.122
70 0.327 0.496 0.076 0.119
66 0.408 0.503 0.077 0.107
66 0.475 0.507 0.067 0.118
80 0.545 0.513 0.068 0.121
80 0.626 0.522 0.083 0.127
37 0.316 0.626 0.077 0.102
37 0.169 0.625 0.092 0.099
37 0.098 0.613 0.095 0.095
37 0.235 0.624 0.074 0.104
86 0.393 0.635 0.071 0.111
24 0.459 0.641 0.068 0.110
63 0.524 0.658 0.077 0.108
0 0.604 0.669 0.076 0.111
72 0.675 0.671 0.072 0.127
81 0.040 0.747 0.078 0.130
81 0.105 0.760 0.091 0.130
81 0.175 0.769 0.062 0.138
44 0.244 0.778 0.115 0.140
102 0.308 0.787 0.083 0.148
85 0.363 0.802 0.076 0.150
23 0.436 0.801 0.068 0.138
40 0.513 0.814 0.082 0.162
21 0.582 0.828 0.077 0.150
78 0.650 0.836 0.065 0.147
