97 0.389 0.478 0.139 0.123
26 0.561 0.471 0.142 0.146
5 0.392 0.616 0.124 0.122
16 0.562 0.630 0.150 0.134
27 0.923 0.631 0.147 0.129
1 0.356 0.903 0.064 0.135
74 0.594 0.919 0.059 0.136
46 0.518 0.773 0.083 0.113
28 0.891 0.498 0.085 0.106
28 0.614 0.782 0.074 0.106
6 0.790 0.782 0.082 0.141
91 0.424 0.756 0.062 0.126
31 0.809 0.530 0.082 0.048
71 0.716 0.431 0.095 0.081
94 0.704 0.521 0.071 0.045
41 0.820 0.429 0.064 0.073
7 0.365 0.761 0.062 0.121
56 0.691 0.773 0.074 0.135
42 0.442 0.906 0.094 0.123
73 0.540 0.912 0.049 0.137
70 0.698 0.927 0.083 0.141
66 0.777 0.910 0.065 0.100
66 0.868 0.922 0.082 0.103
80 0.961 0.937 0.077 0.120
