97 0.274 0.264 0.106 0.066
26 0.389 0.264 0.124 0.069
94 0.481 0.283 0.055 0.030
31 0.547 0.279 0.052 0.028
71 0.478 0.217 0.056 0.048
41 0.552 0.213 0.069 0.060
84 0.763 0.257 0.107 0.085
5 0.267 0.353 0.097 0.090
16 0.391 0.358 0.122 0.082
27 0.646 0.360 0.106 0.088
54 0.763 0.360 0.100 0.081
74 0.400 0.580 0.071 0.101
46 0.341 0.473 0.071 0.085
28 0.398 0.479 0.055 0.077
91 0.266 0.467 0.067 0.091
56 0.478 0.467 0.058 0.099
6 0.541 0.472 0.065 0.090
42 0.272 0.577 0.067 0.093
73 0.352 0.580 0.049 0.093
70 0.471 0.584 0.065 0.095
66 0.538 0.585 0.065 0.100
66 0.593 0.581 0.067 0.092
80 0.738 0.585 0.078 0.091
80 0.667 0.585 0.067 0.101
17 0.810 0.580 0.064 0.077
37 0.465 0.698 0.068 0.104
37 0.338 0.702 0.059 0.090
37 0.266 0.702 0.078 0.090
79 0.396 0.706 0.068 0.093
86 0.530 0.706 0.067 0.098
24 0.596 0.705 0.065 0.101
63 0.660 0.711 0.075 0.100
0 0.737 0.714 0.069 0.093
72 0.799 0.710 0.081 0.111
81 0.253 0.841 0.087 0.138
81 0.193 0.839 0.087 0.137
55 0.324 0.848 0.085 0.146
44 0.397 0.850 0.084 0.151
102 0.463 0.851 0.078 0.148
85 0.523 0.852 0.065 0.145
40 0.659 0.857 0.065 0.150
21 0.728 0.861 0.064 0.143
78 0.797 0.863 0.059 0.150
23 0.586 0.856 0.081 0.146
