97 0.294 0.170 0.114 0.091
26 0.416 0.169 0.109 0.095
28 0.625 0.186 0.033 0.076
28 0.709 0.187 0.030 0.072
16 0.415 0.278 0.121 0.095
27 0.653 0.279 0.103 0.093
54 0.759 0.280 0.083 0.082
7 0.275 0.390 0.049 0.081
91 0.323 0.384 0.056 0.088
28 0.451 0.390 0.051 0.069
56 0.498 0.380 0.055 0.088
6 0.567 0.382 0.073 0.098
1 0.280 0.487 0.057 0.091
42 0.338 0.486 0.059 0.086
73 0.402 0.485 0.054 0.089
74 0.444 0.484 0.047 0.087
70 0.507 0.482 0.065 0.088
66 0.557 0.478 0.044 0.082
66 0.603 0.473 0.065 0.077
80 0.669 0.479 0.050 0.081
80 0.726 0.477 0.055 0.080
17 0.780 0.474 0.036 0.061
37 0.284 0.590 0.044 0.079
37 0.339 0.590 0.054 0.077
37 0.396 0.584 0.061 0.076
79 0.452 0.574 0.041 0.074
37 0.502 0.573 0.055 0.076
86 0.551 0.570 0.045 0.071
81 0.293 0.698 0.053 0.103
81 0.348 0.693 0.055 0.100
55 0.397 0.694 0.059 0.097
44 0.449 0.687 0.050 0.099
102 0.503 0.686 0.053 0.098
85 0.552 0.684 0.054 0.106
23 0.598 0.676 0.059 0.095
40 0.646 0.672 0.055 0.094
21 0.697 0.671 0.060 0.092
78 0.743 0.669 0.054 0.092
71 0.522 0.134 0.042 0.052
41 0.582 0.130 0.047 0.066
94 0.507 0.204 0.062 0.036
31 0.572 0.206 0.057 0.034
36 0.533 0.287 0.095 0.076
5 0.291 0.278 0.114 0.093
46 0.393 0.388 0.060 0.083
24 0.603 0.566 0.056 0.071
63 0.658 0.571 0.045 0.073
84 0.773 0.177 0.098 0.091
