97 0.185 0.047 0.131 0.094
26 0.352 0.049 0.139 0.098
94 0.471 0.072 0.088 0.047
31 0.565 0.076 0.078 0.041
84 0.881 0.049 0.160 0.098
5 0.196 0.177 0.120 0.128
16 0.350 0.186 0.152 0.124
27 0.691 0.183 0.149 0.125
54 0.837 0.183 0.129 0.120
74 0.379 0.478 0.071 0.122
46 0.299 0.336 0.091 0.118
28 0.394 0.352 0.067 0.097
91 0.210 0.332 0.078 0.113
56 0.465 0.327 0.077 0.133
6 0.549 0.335 0.081 0.140
42 0.214 0.476 0.062 0.118
73 0.321 0.478 0.043 0.120
70 0.472 0.479 0.078 0.123
66 0.552 0.479 0.072 0.118
66 0.629 0.480 0.065 0.112
80 0.789 0.485 0.080 0.124
80 0.705 0.483 0.087 0.123
17 0.882 0.479 0.080 0.098
37 0.466 0.620 0.064 0.117
37 0.312 0.625 0.062 0.116
37 0.231 0.618 0.080 0.107
37 0.164 0.621 0.055 0.117
79 0.391 0.624 0.090 0.103
86 0.541 0.621 0.077 0.118
24 0.617 0.623 0.078 0.116
63 0.698 0.629 0.064 0.112
0 0.784 0.638 0.074 0.110
72 0.862 0.632 0.077 0.112
81 0.234 0.780 0.082 0.151
81 0.166 0.774 0.080 0.141
55 0.315 0.784 0.082 0.150
44 0.392 0.780 0.098 0.154
102 0.465 0.786 0.077 0.152
85 0.538 0.787 0.072 0.154
40 0.688 0.790 0.082 0.152
21 0.763 0.793 0.088 0.150
78 0.844 0.797 0.077 0.160
23 0.614 0.786 0.075 0.151
