97 0.119 0.176 0.144 0.103
26 0.275 0.185 0.127 0.100
3 0.674 0.203 0.086 0.100
5 0.132 0.295 0.136 0.109
16 0.282 0.305 0.129 0.111
27 0.529 0.313 0.112 0.095
54 0.653 0.315 0.091 0.089
1 0.106 0.544 0.070 0.100
74 0.309 0.533 0.057 0.093
46 0.241 0.426 0.077 0.099
28 0.321 0.432 0.045 0.079
28 0.505 0.209 0.036 0.085
28 0.598 0.216 0.059 0.076
6 0.445 0.422 0.064 0.099
91 0.166 0.422 0.065 0.100
31 0.455 0.228 0.059 0.036
71 0.387 0.146 0.060 0.060
94 0.387 0.227 0.059 0.036
41 0.466 0.145 0.049 0.060
7 0.106 0.424 0.051 0.096
56 0.383 0.420 0.051 0.100
42 0.174 0.542 0.051 0.097
73 0.262 0.536 0.051 0.094
70 0.377 0.532 0.070 0.092
66 0.435 0.529 0.056 0.086
66 0.490 0.527 0.073 0.087
80 0.556 0.528 0.056 0.090
80 0.617 0.524 0.064 0.086
17 0.673 0.520 0.049 0.074
37 0.111 0.658 0.071 0.091
37 0.180 0.652 0.064 0.092
37 0.250 0.651 0.070 0.091
37 0.369 0.639 0.073 0.081
37 0.311 0.642 0.050 0.091
86 0.433 0.637 0.055 0.089
24 0.488 0.629 0.059 0.080
63 0.532 0.628 0.060 0.081
0 0.601 0.629 0.057 0.079
81 0.122 0.784 0.065 0.113
81 0.191 0.779 0.074 0.109
81 0.256 0.780 0.070 0.113
44 0.319 0.774 0.067 0.135
102 0.374 0.769 0.062 0.115
85 0.433 0.764 0.071 0.117
23 0.477 0.752 0.078 0.095
40 0.537 0.750 0.070 0.111
21 0.587 0.741 0.066 0.095
78 0.633 0.738 0.065 0.100
