97 0.283 0.336 0.082 0.098
26 0.394 0.335 0.116 0.094
94 0.481 0.366 0.056 0.028
31 0.541 0.368 0.062 0.030
71 0.478 0.299 0.055 0.046
41 0.552 0.301 0.043 0.039
3 0.753 0.330 0.091 0.103
5 0.285 0.435 0.061 0.084
16 0.393 0.440 0.106 0.090
27 0.638 0.435 0.094 0.085
54 0.740 0.436 0.084 0.090
74 0.421 0.631 0.043 0.085
46 0.368 0.539 0.072 0.080
28 0.429 0.540 0.051 0.071
18 0.300 0.535 0.046 0.080
56 0.487 0.531 0.045 0.088
6 0.541 0.533 0.056 0.087
42 0.316 0.631 0.055 0.077
73 0.381 0.631 0.032 0.080
70 0.487 0.632 0.054 0.089
66 0.581 0.621 0.051 0.069
66 0.533 0.619 0.051 0.067
80 0.648 0.623 0.067 0.077
80 0.711 0.623 0.067 0.079
17 0.758 0.618 0.049 0.063
37 0.484 0.716 0.051 0.075
37 0.373 0.717 0.062 0.080
37 0.320 0.724 0.049 0.076
79 0.428 0.719 0.054 0.074
86 0.533 0.716 0.054 0.076
24 0.590 0.715 0.045 0.066
0 0.701 0.715 0.059 0.077
81 0.269 0.828 0.052 0.080
55 0.322 0.829 0.062 0.099
35 0.430 0.823 0.055 0.098
102 0.484 0.827 0.048 0.098
85 0.533 0.825 0.049 0.094
21 0.685 0.813 0.056 0.089
19 0.378 0.828 0.052 0.099
90 0.632 0.819 0.051 0.093
100 0.642 0.718 0.051 0.084
47 0.748 0.712 0.059 0.078
23 0.581 0.822 0.051 0.098
88 0.737 0.817 0.061 0.097
