94 0.460 0.250 0.061 0.027
31 0.531 0.252 0.059 0.029
84 0.764 0.210 0.107 0.112
16 0.365 0.337 0.107 0.077
27 0.604 0.330 0.095 0.086
54 0.733 0.328 0.094 0.078
74 0.400 0.536 0.059 0.088
46 0.341 0.435 0.068 0.080
28 0.405 0.441 0.051 0.069
91 0.282 0.432 0.059 0.090
56 0.460 0.428 0.048 0.092
6 0.525 0.431 0.067 0.091
42 0.290 0.535 0.061 0.087
73 0.355 0.534 0.042 0.085
70 0.466 0.535 0.061 0.093
66 0.580 0.535 0.058 0.080
66 0.525 0.533 0.059 0.085
80 0.638 0.536 0.061 0.088
80 0.708 0.536 0.064 0.089
17 0.768 0.529 0.071 0.076
37 0.468 0.636 0.052 0.085
37 0.353 0.638 0.042 0.085
79 0.407 0.639 0.069 0.081
86 0.523 0.641 0.058 0.074
24 0.584 0.642 0.045 0.084
63 0.638 0.638 0.058 0.081
0 0.699 0.646 0.064 0.086
72 0.757 0.646 0.061 0.081
81 0.293 0.755 0.065 0.116
81 0.239 0.754 0.075 0.107
55 0.353 0.755 0.055 0.109
44 0.410 0.755 0.062 0.112
102 0.469 0.757 0.055 0.109
85 0.524 0.758 0.061 0.107
40 0.633 0.763 0.056 0.111
21 0.688 0.766 0.065 0.115
78 0.744 0.765 0.075 0.119
23 0.582 0.760 0.058 0.118
