97 0.207 0.190 0.139 0.121
26 0.372 0.181 0.142 0.135
3 0.880 0.179 0.133 0.143
5 0.197 0.320 0.133 0.110
16 0.363 0.330 0.142 0.124
27 0.683 0.329 0.134 0.112
54 0.849 0.328 0.106 0.109
1 0.188 0.588 0.080 0.107
74 0.402 0.589 0.059 0.108
46 0.331 0.463 0.083 0.107
28 0.405 0.474 0.055 0.091
28 0.639 0.198 0.062 0.119
28 0.772 0.201 0.067 0.105
6 0.568 0.458 0.065 0.120
91 0.247 0.460 0.064 0.105
31 0.579 0.233 0.077 0.040
71 0.497 0.140 0.074 0.070
94 0.490 0.231 0.068 0.044
41 0.589 0.129 0.062 0.081
7 0.189 0.464 0.053 0.100
56 0.495 0.461 0.077 0.123
42 0.273 0.585 0.065 0.108
73 0.350 0.590 0.050 0.109
70 0.489 0.594 0.070 0.117
66 0.561 0.582 0.057 0.093
66 0.629 0.584 0.079 0.098
80 0.713 0.592 0.054 0.105
80 0.785 0.593 0.079 0.102
17 0.865 0.585 0.071 0.091
37 0.203 0.706 0.057 0.100
37 0.275 0.707 0.076 0.098
37 0.344 0.709 0.064 0.101
37 0.484 0.711 0.067 0.099
37 0.418 0.710 0.072 0.101
86 0.558 0.711 0.066 0.100
24 0.629 0.707 0.071 0.096
63 0.696 0.714 0.061 0.106
0 0.768 0.714 0.074 0.101
72 0.836 0.715 0.055 0.107
81 0.213 0.845 0.073 0.131
81 0.291 0.844 0.067 0.119
81 0.354 0.842 0.067 0.115
44 0.415 0.845 0.059 0.128
102 0.484 0.850 0.064 0.129
85 0.545 0.843 0.061 0.120
23 0.610 0.841 0.074 0.114
40 0.674 0.846 0.074 0.120
21 0.747 0.850 0.083 0.124
78 0.811 0.848 0.073 0.123
