97 0.238 0.277 0.094 0.077
26 0.350 0.273 0.104 0.086
94 0.429 0.303 0.051 0.028
31 0.492 0.305 0.055 0.025
71 0.430 0.237 0.058 0.050
41 0.499 0.232 0.043 0.055
3 0.698 0.264 0.104 0.102
5 0.241 0.370 0.082 0.085
16 0.348 0.375 0.101 0.082
27 0.583 0.377 0.117 0.087
54 0.703 0.371 0.088 0.081
74 0.374 0.567 0.054 0.087
46 0.321 0.472 0.058 0.079
28 0.382 0.480 0.048 0.061
18 0.261 0.470 0.049 0.082
56 0.442 0.471 0.045 0.086
6 0.495 0.472 0.064 0.085
42 0.269 0.570 0.049 0.084
73 0.338 0.566 0.033 0.085
66 0.545 0.564 0.051 0.076
66 0.498 0.563 0.052 0.075
80 0.659 0.567 0.065 0.087
80 0.601 0.568 0.056 0.087
17 0.724 0.566 0.054 0.068
37 0.444 0.663 0.054 0.081
37 0.333 0.660 0.046 0.075
37 0.280 0.658 0.058 0.072
79 0.386 0.664 0.048 0.071
86 0.499 0.659 0.056 0.080
24 0.547 0.661 0.052 0.076
0 0.661 0.666 0.062 0.078
81 0.232 0.770 0.062 0.106
55 0.282 0.768 0.059 0.093
35 0.384 0.774 0.077 0.113
102 0.440 0.775 0.052 0.102
85 0.491 0.772 0.061 0.097
21 0.652 0.779 0.065 0.104
78 0.700 0.779 0.062 0.111
19 0.329 0.771 0.051 0.106
90 0.595 0.778 0.058 0.110
100 0.603 0.668 0.059 0.086
47 0.718 0.667 0.058 0.086
23 0.544 0.774 0.054 0.109
