28 0.334 0.351 0.059 0.074
73 0.730 0.358 0.062 0.077
37 0.589 0.664 0.064 0.084
37 0.646 0.665 0.072 0.080
37 0.697 0.663 0.059 0.088
81 0.315 0.753 0.071 0.105
81 0.366 0.757 0.069 0.100
55 0.421 0.760 0.074 0.109
55 0.476 0.765 0.072 0.098
44 0.584 0.782 0.071 0.114
102 0.375 0.621 0.081 0.122
102 0.315 0.626 0.080 0.120
85 0.418 0.632 0.081 0.123
85 0.480 0.635 0.080 0.119
59 0.643 0.791 0.065 0.111
21 0.351 0.484 0.080 0.130
21 0.290 0.486 0.082 0.117
78 0.413 0.489 0.082 0.118
1 0.395 0.339 0.053 0.094
47 0.472 0.492 0.065 0.119
54 0.459 0.350 0.056 0.074
6 0.664 0.194 0.074 0.100
60 0.599 0.493 0.061 0.121
60 0.661 0.499 0.065 0.127
12 0.280 0.345 0.054 0.083
