97 0.280 0.360 0.122 0.187
26 0.402 0.355 0.113 0.188
16 0.403 0.562 0.113 0.171
27 0.669 0.562 0.102 0.168
54 0.820 0.570 0.092 0.161
28 0.639 0.384 0.039 0.138
28 0.732 0.386 0.052 0.138
7 0.257 0.739 0.048 0.144
91 0.305 0.733 0.044 0.155
28 0.443 0.756 0.047 0.131
56 0.512 0.743 0.046 0.165
6 0.572 0.752 0.059 0.172
1 0.259 0.909 0.053 0.145
42 0.322 0.911 0.057 0.147
73 0.402 0.917 0.031 0.139
74 0.440 0.920 0.039 0.144
70 0.506 0.919 0.060 0.145
66 0.569 0.914 0.055 0.124
66 0.629 0.916 0.057 0.124
80 0.695 0.923 0.047 0.132
80 0.751 0.928 0.060 0.143
17 0.823 0.927 0.042 0.114
71 0.510 0.299 0.058 0.068
41 0.593 0.304 0.050 0.078
94 0.509 0.427 0.059 0.075
31 0.580 0.427 0.067 0.069
3 0.822 0.366 0.106 0.182
36 0.541 0.582 0.092 0.128
5 0.265 0.552 0.094 0.158
46 0.380 0.746 0.058 0.152
