97 0.213 0.268 0.095 0.094
26 0.330 0.264 0.116 0.097
94 0.421 0.298 0.051 0.027
31 0.484 0.297 0.059 0.031
71 0.416 0.224 0.061 0.059
41 0.492 0.220 0.055 0.060
3 0.716 0.260 0.119 0.109
5 0.218 0.371 0.080 0.088
16 0.337 0.376 0.110 0.091
27 0.583 0.372 0.114 0.097
54 0.716 0.368 0.082 0.092
74 0.371 0.579 0.052 0.093
46 0.307 0.480 0.058 0.076
28 0.369 0.486 0.058 0.071
91 0.240 0.478 0.051 0.088
56 0.442 0.477 0.062 0.097
6 0.492 0.478 0.061 0.095
42 0.258 0.576 0.049 0.084
73 0.326 0.577 0.043 0.088
70 0.431 0.580 0.061 0.092
66 0.549 0.572 0.055 0.078
66 0.496 0.575 0.059 0.088
80 0.672 0.576 0.061 0.084
80 0.612 0.577 0.055 0.086
17 0.734 0.570 0.055 0.068
37 0.442 0.671 0.045 0.079
37 0.325 0.676 0.048 0.074
37 0.266 0.676 0.052 0.077
79 0.382 0.677 0.061 0.079
86 0.496 0.673 0.062 0.076
24 0.555 0.674 0.051 0.076
0 0.671 0.678 0.056 0.085
81 0.215 0.792 0.062 0.109
55 0.273 0.794 0.056 0.100
35 0.391 0.792 0.064 0.109
102 0.442 0.793 0.062 0.115
85 0.496 0.789 0.065 0.107
21 0.658 0.788 0.056 0.098
19 0.332 0.789 0.054 0.102
90 0.601 0.789 0.051 0.104
100 0.608 0.676 0.058 0.084
47 0.720 0.675 0.054 0.091
23 0.549 0.787 0.051 0.109
88 0.723 0.784 0.056 0.098
