17 0.303 0.134 0.074 0.101
80 0.376 0.130 0.068 0.107
80 0.454 0.135 0.080 0.099
80 0.533 0.124 0.078 0.114
24 0.606 0.143 0.065 0.079
24 0.683 0.142 0.061 0.080
66 0.677 0.325 0.059 0.094
66 0.606 0.330 0.062 0.090
37 0.531 0.326 0.069 0.098
37 0.461 0.326 0.071 0.102
37 0.379 0.329 0.056 0.089
37 0.307 0.335 0.067 0.086
37 0.232 0.338 0.071 0.085
86 0.239 0.511 0.067 0.104
86 0.308 0.510 0.075 0.105
86 0.382 0.505 0.059 0.106
81 0.463 0.482 0.067 0.154
81 0.534 0.481 0.064 0.149
81 0.609 0.481 0.071 0.151
55 0.674 0.483 0.059 0.150
55 0.753 0.481 0.078 0.148
78 0.754 0.659 0.069 0.153
78 0.673 0.658 0.069 0.148
78 0.606 0.658 0.067 0.151
21 0.462 0.657 0.081 0.151
21 0.387 0.660 0.071 0.150
23 0.319 0.661 0.075 0.150
23 0.244 0.662 0.082 0.151
44 0.744 0.831 0.058 0.137
44 0.679 0.831 0.067 0.139
85 0.609 0.836 0.067 0.142
85 0.539 0.833 0.059 0.140
85 0.468 0.835 0.072 0.142
102 0.395 0.836 0.067 0.138
102 0.327 0.836 0.069 0.143
102 0.253 0.838 0.080 0.150
63 0.755 0.141 0.048 0.080
