97 0.403 0.473 0.147 0.126
26 0.563 0.464 0.139 0.135
5 0.378 0.616 0.127 0.119
16 0.562 0.623 0.162 0.127
27 0.924 0.622 0.153 0.127
1 0.354 0.900 0.072 0.119
74 0.603 0.910 0.059 0.129
46 0.525 0.772 0.094 0.129
28 0.616 0.780 0.073 0.111
28 0.888 0.487 0.057 0.105
6 0.798 0.766 0.086 0.136
91 0.430 0.758 0.057 0.125
31 0.809 0.515 0.088 0.052
71 0.716 0.419 0.080 0.068
94 0.710 0.515 0.083 0.047
41 0.821 0.419 0.066 0.058
7 0.363 0.762 0.061 0.117
56 0.708 0.766 0.076 0.136
42 0.442 0.902 0.078 0.125
73 0.552 0.904 0.051 0.127
70 0.703 0.913 0.082 0.127
66 0.787 0.906 0.078 0.111
66 0.869 0.912 0.095 0.108
