97 0.197 0.256 0.129 0.133
26 0.340 0.262 0.155 0.115
28 0.603 0.285 0.039 0.086
28 0.695 0.288 0.050 0.093
16 0.357 0.394 0.155 0.121
27 0.621 0.396 0.108 0.102
54 0.734 0.397 0.105 0.097
91 0.225 0.549 0.083 0.127
28 0.397 0.548 0.055 0.087
56 0.466 0.529 0.069 0.115
6 0.531 0.525 0.088 0.110
42 0.249 0.693 0.072 0.124
73 0.335 0.678 0.063 0.113
74 0.383 0.671 0.069 0.109
70 0.461 0.662 0.082 0.106
66 0.514 0.645 0.068 0.086
66 0.569 0.638 0.079 0.081
80 0.650 0.636 0.063 0.088
80 0.706 0.629 0.060 0.092
17 0.756 0.620 0.039 0.080
37 0.241 0.829 0.063 0.105
37 0.320 0.812 0.098 0.093
79 0.383 0.795 0.070 0.096
86 0.506 0.766 0.069 0.084
81 0.243 0.960 0.076 0.079
55 0.317 0.949 0.067 0.102
44 0.384 0.941 0.085 0.118
23 0.571 0.898 0.089 0.117
40 0.623 0.883 0.083 0.110
78 0.720 0.854 0.066 0.103
71 0.481 0.208 0.051 0.065
41 0.552 0.214 0.054 0.076
94 0.479 0.305 0.074 0.040
31 0.551 0.306 0.074 0.045
57 0.508 0.413 0.112 0.091
84 0.769 0.284 0.077 0.100
5 0.210 0.398 0.111 0.125
46 0.322 0.551 0.095 0.090
63 0.630 0.756 0.056 0.074
