97 0.259 0.334 0.110 0.092
26 0.382 0.331 0.111 0.107
94 0.481 0.365 0.052 0.031
31 0.546 0.366 0.059 0.035
71 0.476 0.289 0.056 0.051
41 0.557 0.287 0.054 0.044
3 0.787 0.325 0.111 0.109
5 0.260 0.441 0.097 0.095
16 0.382 0.445 0.104 0.090
27 0.654 0.442 0.124 0.099
54 0.775 0.443 0.094 0.097
74 0.418 0.652 0.041 0.084
46 0.361 0.550 0.067 0.090
28 0.422 0.558 0.056 0.073
18 0.294 0.548 0.061 0.090
56 0.497 0.549 0.051 0.093
6 0.547 0.554 0.061 0.094
42 0.305 0.650 0.054 0.084
73 0.375 0.652 0.041 0.086
70 0.492 0.656 0.072 0.093
66 0.606 0.655 0.058 0.079
66 0.549 0.651 0.067 0.082
80 0.669 0.657 0.074 0.086
80 0.743 0.660 0.085 0.088
17 0.808 0.657 0.059 0.059
37 0.484 0.748 0.061 0.073
37 0.369 0.749 0.055 0.077
37 0.312 0.743 0.062 0.086
37 0.268 0.745 0.032 0.071
79 0.432 0.746 0.056 0.067
86 0.552 0.752 0.067 0.069
24 0.606 0.752 0.056 0.071
0 0.735 0.763 0.054 0.080
81 0.265 0.856 0.061 0.100
55 0.322 0.856 0.071 0.095
35 0.436 0.866 0.067 0.107
102 0.494 0.867 0.054 0.106
85 0.546 0.870 0.058 0.107
21 0.716 0.870 0.054 0.097
19 0.376 0.858 0.055 0.097
100 0.664 0.761 0.064 0.087
47 0.795 0.762 0.069 0.093
23 0.605 0.870 0.058 0.106
