97 0.207 0.153 0.159 0.120
26 0.346 0.154 0.145 0.126
28 0.618 0.180 0.050 0.088
28 0.707 0.188 0.066 0.094
16 0.365 0.290 0.142 0.124
27 0.636 0.295 0.106 0.109
54 0.762 0.300 0.098 0.103
7 0.174 0.429 0.078 0.108
91 0.244 0.422 0.065 0.109
28 0.401 0.431 0.070 0.082
56 0.474 0.419 0.059 0.113
6 0.536 0.421 0.072 0.110
1 0.178 0.555 0.073 0.115
42 0.259 0.552 0.063 0.110
73 0.335 0.547 0.059 0.107
74 0.384 0.547 0.060 0.103
70 0.461 0.542 0.073 0.101
66 0.515 0.531 0.055 0.087
66 0.582 0.534 0.076 0.098
80 0.661 0.535 0.060 0.098
80 0.718 0.533 0.069 0.097
17 0.785 0.532 0.049 0.086
37 0.187 0.680 0.068 0.094
37 0.256 0.669 0.057 0.095
37 0.328 0.665 0.075 0.091
79 0.388 0.662 0.059 0.094
37 0.452 0.656 0.072 0.083
86 0.514 0.653 0.053 0.089
81 0.192 0.819 0.059 0.122
81 0.259 0.812 0.075 0.123
55 0.325 0.811 0.075 0.125
44 0.390 0.798 0.072 0.121
23 0.564 0.776 0.078 0.114
40 0.618 0.770 0.072 0.112
21 0.677 0.768 0.079 0.117
78 0.723 0.756 0.069 0.108
71 0.492 0.110 0.059 0.064
41 0.570 0.114 0.054 0.083
94 0.486 0.203 0.067 0.041
31 0.557 0.207 0.065 0.037
5 0.193 0.284 0.126 0.117
46 0.325 0.425 0.082 0.097
3 0.781 0.178 0.092 0.118
24 0.583 0.646 0.059 0.087
63 0.631 0.644 0.051 0.086
0 0.706 0.649 0.051 0.086
36 0.519 0.311 0.103 0.082
