97 0.239 0.327 0.106 0.155
26 0.361 0.322 0.112 0.171
3 0.736 0.335 0.097 0.185
5 0.234 0.506 0.098 0.147
16 0.356 0.516 0.110 0.168
27 0.596 0.519 0.095 0.148
54 0.726 0.526 0.088 0.155
1 0.206 0.853 0.058 0.145
74 0.379 0.860 0.042 0.147
46 0.322 0.690 0.062 0.145
28 0.566 0.355 0.036 0.116
28 0.658 0.355 0.050 0.141
28 0.389 0.697 0.061 0.136
6 0.506 0.690 0.059 0.158
91 0.257 0.679 0.046 0.157
31 0.517 0.390 0.056 0.066
71 0.454 0.260 0.051 0.088
94 0.456 0.389 0.051 0.056
41 0.523 0.264 0.042 0.076
7 0.212 0.684 0.041 0.148
56 0.449 0.691 0.051 0.157
42 0.274 0.855 0.056 0.149
73 0.340 0.854 0.038 0.149
70 0.447 0.858 0.052 0.148
66 0.500 0.845 0.048 0.114
66 0.555 0.848 0.057 0.114
80 0.622 0.865 0.052 0.139
80 0.674 0.864 0.051 0.135
