12 0.080 0.127 0.111 0.148
28 0.187 0.142 0.092 0.145
1 0.289 0.118 0.115 0.171
54 0.430 0.133 0.103 0.164
91 0.544 0.129 0.112 0.166
65 0.659 0.144 0.112 0.145
4 0.792 0.145 0.101 0.143
73 0.907 0.142 0.124 0.158
21 0.122 0.361 0.116 0.208
21 0.228 0.367 0.116 0.209
78 0.332 0.373 0.105 0.203
47 0.434 0.374 0.101 0.199
93 0.542 0.367 0.112 0.208
60 0.645 0.371 0.091 0.209
60 0.748 0.373 0.096 0.209
20 0.850 0.393 0.091 0.169
102 0.157 0.609 0.095 0.184
102 0.252 0.613 0.098 0.193
85 0.347 0.613 0.095 0.189
85 0.435 0.615 0.099 0.182
9 0.539 0.607 0.089 0.208
37 0.623 0.646 0.076 0.134
37 0.713 0.647 0.072 0.131
37 0.810 0.648 0.068 0.130
81 0.177 0.822 0.116 0.170
81 0.263 0.822 0.108 0.166
55 0.356 0.823 0.096 0.175
55 0.439 0.830 0.095 0.171
13 0.528 0.826 0.098 0.165
59 0.616 0.829 0.098 0.168
44 0.697 0.832 0.091 0.180
25 0.781 0.826 0.073 0.172
