97 0.236 0.246 0.104 0.079
97 0.347 0.250 0.106 0.087
26 0.474 0.252 0.111 0.087
3 0.738 0.254 0.101 0.081
5 0.246 0.344 0.100 0.089
16 0.366 0.350 0.110 0.091
27 0.601 0.348 0.104 0.092
54 0.728 0.349 0.087 0.091
1 0.203 0.450 0.055 0.084
74 0.276 0.449 0.059 0.097
28 0.392 0.460 0.056 0.077
18 0.503 0.451 0.054 0.089
6 0.451 0.450 0.056 0.090
73 0.342 0.448 0.042 0.090
70 0.621 0.556 0.055 0.097
66 0.281 0.554 0.055 0.085
66 0.220 0.550 0.055 0.087
80 0.681 0.557 0.071 0.085
80 0.745 0.560 0.065 0.090
17 0.559 0.554 0.058 0.078
37 0.454 0.669 0.068 0.095
37 0.394 0.671 0.052 0.092
37 0.339 0.672 0.055 0.086
37 0.285 0.677 0.065 0.086
37 0.224 0.679 0.056 0.080
86 0.340 0.551 0.042 0.085
48 0.504 0.675 0.048 0.092
0 0.506 0.560 0.056 0.089
81 0.232 0.791 0.071 0.110
81 0.288 0.791 0.058 0.101
55 0.344 0.793 0.059 0.095
35 0.393 0.793 0.065 0.110
102 0.450 0.789 0.052 0.106
102 0.502 0.789 0.055 0.107
85 0.558 0.790 0.065 0.103
21 0.559 0.672 0.061 0.104
21 0.613 0.668 0.051 0.105
90 0.663 0.793 0.061 0.100
100 0.391 0.555 0.058 0.093
23 0.611 0.790 0.055 0.105
88 0.733 0.669 0.062 0.109
88 0.723 0.796 0.059 0.107
