27 0.419 0.082 0.166 0.159
54 0.656 0.091 0.147 0.148
74 0.083 0.436 0.064 0.153
6 0.286 0.264 0.094 0.160
56 0.188 0.263 0.072 0.164
73 0.025 0.437 0.050 0.141
70 0.195 0.434 0.086 0.142
66 0.298 0.435 0.088 0.126
66 0.382 0.446 0.080 0.132
80 0.474 0.447 0.088 0.141
80 0.564 0.447 0.085 0.146
17 0.668 0.445 0.098 0.127
37 0.203 0.599 0.079 0.130
37 0.034 0.594 0.068 0.121
37 0.116 0.597 0.092 0.127
86 0.288 0.597 0.083 0.128
24 0.380 0.606 0.074 0.133
63 0.459 0.622 0.092 0.131
72 0.642 0.618 0.109 0.146
81 0.056 0.778 0.085 0.157
44 0.132 0.778 0.094 0.166
102 0.205 0.784 0.086 0.160
85 0.289 0.787 0.082 0.158
23 0.371 0.785 0.080 0.155
40 0.449 0.785 0.079 0.161
21 0.539 0.785 0.089 0.155
78 0.620 0.794 0.088 0.163
