97 0.320 0.185 0.084 0.075
26 0.419 0.184 0.109 0.080
94 0.502 0.211 0.054 0.029
31 0.563 0.211 0.055 0.025
71 0.504 0.146 0.056 0.046
41 0.572 0.139 0.045 0.058
3 0.772 0.185 0.088 0.087
5 0.310 0.275 0.069 0.084
16 0.416 0.277 0.111 0.085
27 0.660 0.279 0.101 0.085
54 0.759 0.283 0.088 0.084
74 0.437 0.479 0.052 0.090
46 0.384 0.384 0.068 0.074
28 0.443 0.389 0.052 0.060
18 0.321 0.382 0.049 0.088
56 0.511 0.377 0.055 0.090
6 0.565 0.381 0.065 0.082
42 0.332 0.482 0.056 0.080
73 0.400 0.477 0.042 0.086
66 0.609 0.479 0.046 0.081
66 0.557 0.483 0.049 0.082
80 0.670 0.483 0.058 0.081
80 0.730 0.485 0.062 0.080
17 0.792 0.481 0.049 0.072
37 0.497 0.579 0.052 0.085
37 0.385 0.586 0.043 0.077
37 0.332 0.584 0.062 0.076
79 0.446 0.586 0.049 0.077
86 0.554 0.582 0.061 0.086
24 0.609 0.586 0.051 0.088
0 0.725 0.586 0.064 0.088
81 0.272 0.700 0.072 0.112
55 0.332 0.698 0.064 0.113
35 0.441 0.699 0.059 0.115
102 0.495 0.699 0.052 0.117
85 0.552 0.701 0.058 0.113
21 0.709 0.703 0.072 0.110
19 0.384 0.700 0.062 0.114
90 0.658 0.700 0.051 0.111
100 0.665 0.585 0.056 0.093
47 0.781 0.586 0.054 0.088
23 0.604 0.701 0.061 0.115
88 0.766 0.706 0.071 0.119
