5 0.325 0.080 0.204 0.160
16 0.544 0.089 0.181 0.177
27 0.936 0.103 0.129 0.164
1 0.274 0.455 0.091 0.158
74 0.547 0.451 0.062 0.145
46 0.479 0.286 0.107 0.138
28 0.587 0.300 0.076 0.122
6 0.772 0.284 0.092 0.167
91 0.359 0.276 0.080 0.155
7 0.280 0.276 0.082 0.155
56 0.676 0.281 0.079 0.164
42 0.370 0.452 0.074 0.155
73 0.489 0.451 0.064 0.153
70 0.648 0.455 0.083 0.135
66 0.716 0.439 0.059 0.113
66 0.794 0.450 0.097 0.117
80 0.900 0.450 0.064 0.124
80 0.970 0.456 0.061 0.121
37 0.277 0.606 0.082 0.116
37 0.363 0.606 0.088 0.120
37 0.455 0.599 0.074 0.105
37 0.612 0.596 0.089 0.102
37 0.533 0.596 0.065 0.104
86 0.689 0.594 0.065 0.106
24 0.772 0.594 0.079 0.099
63 0.838 0.593 0.070 0.103
0 0.926 0.596 0.066 0.103
81 0.270 0.773 0.065 0.143
81 0.360 0.765 0.085 0.128
81 0.438 0.767 0.071 0.141
44 0.511 0.757 0.078 0.134
102 0.590 0.756 0.082 0.130
85 0.660 0.752 0.086 0.136
23 0.732 0.749 0.088 0.127
40 0.796 0.747 0.084 0.134
21 0.871 0.740 0.077 0.118
78 0.937 0.739 0.074 0.125
