97 0.251 0.276 0.093 0.092
26 0.352 0.273 0.107 0.095
94 0.438 0.305 0.056 0.026
31 0.502 0.307 0.061 0.029
71 0.443 0.237 0.055 0.051
41 0.510 0.238 0.052 0.054
3 0.727 0.268 0.101 0.105
5 0.256 0.372 0.080 0.082
16 0.355 0.379 0.097 0.084
27 0.599 0.375 0.101 0.086
54 0.693 0.377 0.094 0.084
74 0.394 0.565 0.041 0.086
46 0.331 0.473 0.048 0.076
28 0.393 0.477 0.056 0.073
18 0.266 0.471 0.048 0.080
56 0.448 0.471 0.048 0.092
6 0.499 0.471 0.055 0.086
42 0.278 0.563 0.046 0.080
73 0.345 0.562 0.038 0.080
70 0.449 0.568 0.058 0.088
66 0.502 0.559 0.058 0.069
66 0.559 0.567 0.058 0.071
80 0.661 0.569 0.061 0.079
80 0.606 0.569 0.055 0.078
17 0.728 0.563 0.055 0.065
37 0.449 0.652 0.049 0.076
37 0.344 0.658 0.048 0.075
37 0.298 0.654 0.054 0.073
79 0.393 0.653 0.059 0.072
86 0.504 0.655 0.051 0.073
24 0.553 0.658 0.043 0.066
0 0.667 0.662 0.058 0.080
81 0.244 0.760 0.059 0.098
55 0.303 0.759 0.058 0.099
35 0.397 0.763 0.056 0.100
102 0.451 0.760 0.056 0.099
85 0.502 0.762 0.056 0.095
19 0.349 0.760 0.052 0.098
90 0.604 0.763 0.056 0.098
100 0.604 0.664 0.058 0.079
23 0.550 0.764 0.058 0.093
