1 0.169 0.156 0.108 0.287
74 0.462 0.151 0.073 0.296
42 0.275 0.161 0.091 0.277
73 0.388 0.156 0.083 0.289
70 0.580 0.165 0.095 0.280
66 0.662 0.169 0.066 0.230
66 0.749 0.165 0.092 0.226
80 0.860 0.158 0.067 0.254
80 0.957 0.159 0.078 0.250
37 0.207 0.474 0.082 0.217
37 0.298 0.476 0.086 0.224
37 0.388 0.470 0.088 0.216
37 0.562 0.457 0.094 0.230
37 0.476 0.468 0.082 0.208
86 0.648 0.448 0.070 0.231
24 0.728 0.445 0.094 0.216
63 0.813 0.457 0.078 0.203
0 0.906 0.462 0.069 0.195
72 0.969 0.447 0.062 0.220
81 0.241 0.765 0.085 0.233
81 0.322 0.768 0.074 0.236
81 0.402 0.762 0.082 0.239
44 0.478 0.759 0.074 0.250
102 0.555 0.753 0.085 0.240
85 0.625 0.739 0.068 0.233
23 0.686 0.729 0.089 0.218
40 0.761 0.730 0.080 0.230
21 0.838 0.723 0.101 0.217
78 0.905 0.723 0.084 0.237
