97 0.217 0.225 0.106 0.100
26 0.353 0.224 0.130 0.107
94 0.453 0.257 0.061 0.034
31 0.525 0.258 0.069 0.035
71 0.450 0.178 0.068 0.060
41 0.534 0.173 0.055 0.073
3 0.787 0.226 0.113 0.112
5 0.209 0.341 0.100 0.094
16 0.355 0.345 0.126 0.105
27 0.633 0.344 0.133 0.105
54 0.769 0.344 0.095 0.105
74 0.374 0.579 0.058 0.103
46 0.306 0.470 0.080 0.097
28 0.383 0.477 0.068 0.085
18 0.232 0.461 0.062 0.102
56 0.455 0.462 0.062 0.106
6 0.513 0.467 0.065 0.105
42 0.239 0.580 0.067 0.093
73 0.327 0.577 0.041 0.095
70 0.449 0.581 0.075 0.100
66 0.579 0.574 0.061 0.085
66 0.518 0.575 0.065 0.081
80 0.651 0.583 0.061 0.088
80 0.716 0.583 0.068 0.089
17 0.789 0.578 0.067 0.079
37 0.443 0.690 0.067 0.090
37 0.316 0.687 0.055 0.086
37 0.252 0.690 0.069 0.091
79 0.383 0.690 0.077 0.094
86 0.511 0.695 0.075 0.091
48 0.574 0.696 0.051 0.095
0 0.714 0.702 0.065 0.095
81 0.189 0.821 0.080 0.116
55 0.253 0.820 0.069 0.112
35 0.385 0.825 0.075 0.123
102 0.450 0.823 0.059 0.123
85 0.505 0.825 0.069 0.119
21 0.690 0.828 0.075 0.112
90 0.626 0.827 0.056 0.122
100 0.642 0.697 0.071 0.103
47 0.774 0.698 0.071 0.103
23 0.566 0.825 0.061 0.119
88 0.766 0.832 0.075 0.127
