6 0.667 0.197 0.051 0.094
75 0.464 0.204 0.048 0.071
62 0.393 0.194 0.059 0.092
15 0.277 0.180 0.136 0.115
73 0.722 0.354 0.043 0.072
4 0.664 0.347 0.055 0.076
65 0.599 0.347 0.059 0.088
89 0.528 0.344 0.052 0.087
54 0.457 0.347 0.069 0.079
1 0.390 0.340 0.065 0.102
28 0.321 0.346 0.059 0.082
12 0.246 0.345 0.069 0.092
60 0.643 0.488 0.045 0.122
60 0.588 0.491 0.052 0.127
93 0.520 0.493 0.059 0.130
47 0.466 0.494 0.055 0.137
78 0.398 0.497 0.064 0.136
21 0.327 0.497 0.065 0.142
21 0.257 0.498 0.071 0.142
37 0.674 0.644 0.046 0.076
37 0.625 0.655 0.038 0.078
37 0.565 0.656 0.042 0.084
9 0.514 0.638 0.049 0.130
85 0.455 0.645 0.043 0.126
85 0.393 0.649 0.054 0.125
102 0.327 0.647 0.059 0.124
102 0.266 0.655 0.064 0.132
51 0.667 0.767 0.054 0.112
59 0.620 0.770 0.046 0.114
44 0.569 0.776 0.049 0.113
55 0.509 0.781 0.056 0.115
55 0.450 0.782 0.049 0.112
55 0.395 0.788 0.059 0.119
81 0.331 0.791 0.048 0.117
81 0.272 0.801 0.059 0.126
58 0.698 0.487 0.052 0.120
52 0.568 0.207 0.114 0.076
