66 0.624 0.621 0.058 0.097
66 0.565 0.618 0.055 0.093
66 0.487 0.618 0.054 0.103
37 0.297 0.426 0.061 0.099
37 0.362 0.430 0.064 0.098
37 0.439 0.431 0.058 0.098
37 0.494 0.430 0.059 0.099
37 0.574 0.422 0.068 0.117
86 0.434 0.613 0.061 0.103
86 0.353 0.611 0.064 0.105
24 0.294 0.614 0.067 0.105
81 0.487 0.936 0.075 0.127
81 0.426 0.931 0.064 0.126
81 0.355 0.932 0.067 0.136
55 0.548 0.932 0.062 0.132
55 0.611 0.931 0.061 0.137
44 0.294 0.933 0.057 0.134
102 0.427 0.766 0.058 0.141
102 0.491 0.780 0.072 0.152
85 0.558 0.766 0.065 0.138
85 0.620 0.771 0.067 0.148
40 0.359 0.204 0.067 0.140
40 0.293 0.201 0.067 0.144
78 0.431 0.204 0.069 0.153
78 0.504 0.204 0.071 0.145
78 0.572 0.206 0.064 0.151
78 0.640 0.199 0.074 0.156
23 0.358 0.764 0.069 0.148
23 0.297 0.767 0.058 0.152
