97 0.229 0.263 0.110 0.114
26 0.357 0.261 0.123 0.116
94 0.458 0.306 0.062 0.036
31 0.529 0.305 0.068 0.034
71 0.459 0.224 0.064 0.058
41 0.542 0.228 0.054 0.049
3 0.783 0.263 0.110 0.110
5 0.239 0.385 0.081 0.100
16 0.350 0.385 0.122 0.100
27 0.627 0.381 0.127 0.104
54 0.767 0.383 0.093 0.105
74 0.392 0.594 0.046 0.082
46 0.332 0.498 0.071 0.090
28 0.402 0.505 0.061 0.078
18 0.259 0.492 0.061 0.101
56 0.473 0.489 0.056 0.090
6 0.533 0.493 0.077 0.100
42 0.280 0.598 0.059 0.088
73 0.356 0.596 0.029 0.082
70 0.468 0.598 0.067 0.088
66 0.583 0.583 0.055 0.071
66 0.528 0.583 0.052 0.066
80 0.705 0.590 0.067 0.084
80 0.648 0.592 0.054 0.086
17 0.774 0.587 0.071 0.068
37 0.468 0.684 0.051 0.074
37 0.352 0.687 0.046 0.076
37 0.290 0.688 0.061 0.072
79 0.410 0.684 0.056 0.073
86 0.523 0.684 0.061 0.068
24 0.577 0.682 0.056 0.059
0 0.703 0.684 0.048 0.069
81 0.251 0.797 0.051 0.082
55 0.300 0.792 0.055 0.094
35 0.412 0.796 0.065 0.104
102 0.468 0.792 0.052 0.097
85 0.523 0.787 0.055 0.090
21 0.685 0.786 0.049 0.091
78 0.735 0.783 0.061 0.090
19 0.358 0.796 0.055 0.097
90 0.626 0.789 0.054 0.098
100 0.639 0.690 0.059 0.084
47 0.760 0.683 0.058 0.079
23 0.574 0.787 0.048 0.094
