27 0.476 0.044 0.150 0.087
74 0.170 0.352 0.076 0.127
46 0.058 0.200 0.106 0.136
28 0.161 0.215 0.092 0.114
6 0.335 0.194 0.095 0.135
56 0.247 0.188 0.078 0.150
42 0.025 0.353 0.050 0.119
73 0.106 0.350 0.060 0.128
70 0.268 0.350 0.079 0.129
66 0.355 0.354 0.089 0.113
66 0.440 0.354 0.084 0.120
80 0.511 0.355 0.088 0.123
80 0.600 0.356 0.086 0.131
17 0.694 0.346 0.083 0.105
37 0.289 0.493 0.067 0.110
37 0.130 0.497 0.067 0.107
37 0.038 0.505 0.076 0.113
37 0.207 0.495 0.086 0.112
86 0.359 0.498 0.083 0.116
24 0.440 0.494 0.074 0.107
63 0.517 0.504 0.083 0.118
0 0.593 0.499 0.076 0.112
72 0.676 0.504 0.100 0.123
81 0.021 0.644 0.042 0.123
81 0.083 0.641 0.084 0.118
81 0.160 0.645 0.057 0.128
44 0.231 0.646 0.088 0.139
102 0.302 0.654 0.083 0.133
85 0.372 0.651 0.070 0.137
23 0.443 0.651 0.078 0.138
40 0.515 0.656 0.080 0.145
21 0.588 0.649 0.080 0.136
