15 0.306 0.202 0.109 0.115
62 0.410 0.218 0.045 0.076
75 0.464 0.219 0.054 0.072
6 0.656 0.213 0.064 0.090
73 0.720 0.361 0.051 0.071
4 0.662 0.360 0.062 0.075
11 0.593 0.357 0.065 0.076
65 0.528 0.357 0.064 0.081
54 0.464 0.357 0.062 0.077
1 0.392 0.347 0.064 0.100
28 0.338 0.358 0.062 0.074
12 0.280 0.353 0.056 0.074
58 0.710 0.492 0.068 0.119
23 0.651 0.492 0.064 0.119
60 0.592 0.491 0.061 0.116
67 0.538 0.490 0.059 0.125
47 0.472 0.491 0.064 0.120
78 0.411 0.490 0.072 0.122
21 0.350 0.492 0.075 0.124
21 0.293 0.489 0.075 0.118
37 0.698 0.659 0.056 0.081
37 0.639 0.658 0.051 0.082
37 0.583 0.658 0.052 0.079
9 0.531 0.634 0.055 0.126
44 0.475 0.636 0.055 0.127
85 0.413 0.640 0.068 0.123
102 0.358 0.637 0.064 0.116
102 0.300 0.634 0.080 0.115
51 0.695 0.773 0.054 0.109
55 0.636 0.773 0.062 0.109
55 0.523 0.770 0.054 0.107
81 0.471 0.772 0.056 0.111
81 0.416 0.772 0.062 0.116
81 0.359 0.769 0.058 0.112
13 0.305 0.769 0.065 0.116
