1 0.087 0.190 0.088 0.247
42 0.183 0.195 0.095 0.237
73 0.284 0.195 0.063 0.249
74 0.353 0.194 0.070 0.270
70 0.458 0.215 0.095 0.250
66 0.548 0.221 0.065 0.204
66 0.628 0.230 0.081 0.207
80 0.734 0.212 0.085 0.241
80 0.823 0.220 0.093 0.230
17 0.921 0.220 0.062 0.224
37 0.127 0.490 0.071 0.204
37 0.209 0.496 0.076 0.205
37 0.296 0.495 0.063 0.202
79 0.373 0.501 0.078 0.201
37 0.458 0.484 0.077 0.239
86 0.542 0.479 0.070 0.222
81 0.147 0.777 0.081 0.272
81 0.225 0.780 0.078 0.266
55 0.301 0.790 0.079 0.272
44 0.371 0.787 0.073 0.276
102 0.458 0.790 0.069 0.292
102 0.529 0.790 0.074 0.291
23 0.605 0.793 0.084 0.277
40 0.681 0.788 0.073 0.276
21 0.763 0.799 0.092 0.278
78 0.837 0.798 0.078 0.287
24 0.614 0.488 0.069 0.213
63 0.701 0.503 0.067 0.191
0 0.791 0.514 0.064 0.185
