15 0.277 0.153 0.124 0.135
6 0.672 0.183 0.078 0.102
73 0.729 0.348 0.055 0.077
4 0.671 0.342 0.059 0.085
65 0.532 0.341 0.068 0.080
54 0.458 0.341 0.065 0.082
1 0.379 0.326 0.054 0.107
28 0.312 0.338 0.065 0.079
12 0.240 0.333 0.067 0.092
23 0.645 0.486 0.051 0.126
60 0.589 0.491 0.055 0.132
47 0.452 0.490 0.061 0.142
78 0.388 0.496 0.075 0.136
21 0.318 0.494 0.071 0.136
21 0.249 0.490 0.075 0.142
37 0.688 0.666 0.045 0.086
37 0.631 0.665 0.052 0.094
37 0.572 0.672 0.052 0.098
9 0.510 0.649 0.062 0.137
44 0.445 0.651 0.065 0.135
85 0.388 0.659 0.061 0.142
102 0.319 0.659 0.062 0.138
102 0.253 0.659 0.068 0.135
55 0.622 0.792 0.054 0.111
55 0.506 0.801 0.059 0.126
81 0.447 0.802 0.059 0.126
81 0.386 0.804 0.059 0.127
81 0.319 0.810 0.062 0.126
13 0.257 0.812 0.068 0.126
62 0.397 0.178 0.049 0.097
75 0.462 0.186 0.049 0.066
51 0.680 0.789 0.059 0.113
58 0.714 0.488 0.065 0.126
67 0.518 0.496 0.069 0.139
11 0.595 0.341 0.064 0.082
