97 0.250 0.268 0.099 0.158
26 0.360 0.276 0.097 0.159
3 0.714 0.276 0.098 0.170
5 0.251 0.442 0.094 0.139
16 0.361 0.452 0.103 0.162
27 0.589 0.455 0.085 0.142
54 0.700 0.455 0.078 0.148
1 0.229 0.786 0.048 0.139
74 0.389 0.785 0.041 0.147
46 0.333 0.623 0.056 0.138
28 0.554 0.302 0.043 0.135
28 0.636 0.301 0.044 0.129
28 0.395 0.631 0.048 0.132
6 0.502 0.623 0.057 0.148
91 0.270 0.619 0.044 0.151
31 0.507 0.337 0.057 0.055
71 0.445 0.215 0.047 0.078
94 0.449 0.332 0.047 0.055
41 0.513 0.215 0.045 0.103
7 0.219 0.623 0.050 0.122
56 0.448 0.621 0.050 0.145
42 0.286 0.787 0.058 0.142
73 0.350 0.786 0.029 0.142
70 0.450 0.781 0.051 0.124
66 0.503 0.771 0.054 0.114
66 0.556 0.774 0.052 0.125
80 0.612 0.784 0.044 0.135
80 0.664 0.786 0.046 0.134
17 0.720 0.779 0.052 0.118
37 0.242 0.938 0.045 0.122
37 0.297 0.937 0.058 0.111
37 0.348 0.938 0.045 0.119
37 0.449 0.934 0.052 0.109
37 0.395 0.934 0.048 0.116
86 0.497 0.938 0.052 0.111
24 0.552 0.936 0.056 0.118
63 0.604 0.936 0.042 0.112
0 0.658 0.940 0.048 0.120
