21 0.337 0.185 0.056 0.131
21 0.397 0.184 0.064 0.140
78 0.468 0.183 0.064 0.136
78 0.531 0.183 0.064 0.139
78 0.596 0.182 0.061 0.142
78 0.657 0.183 0.058 0.138
37 0.345 0.392 0.051 0.090
37 0.400 0.392 0.061 0.087
37 0.468 0.392 0.052 0.091
37 0.526 0.393 0.059 0.087
37 0.593 0.384 0.061 0.105
37 0.646 0.385 0.056 0.109
66 0.643 0.567 0.061 0.090
66 0.586 0.567 0.054 0.094
66 0.517 0.564 0.055 0.090
86 0.460 0.561 0.052 0.088
86 0.402 0.560 0.048 0.091
24 0.348 0.560 0.052 0.093
85 0.643 0.706 0.064 0.127
85 0.583 0.703 0.054 0.122
102 0.523 0.703 0.064 0.128
102 0.466 0.703 0.061 0.132
23 0.405 0.699 0.059 0.137
23 0.348 0.698 0.058 0.135
55 0.639 0.866 0.062 0.136
55 0.579 0.864 0.061 0.141
81 0.521 0.862 0.061 0.141
81 0.464 0.861 0.056 0.144
81 0.402 0.861 0.062 0.143
44 0.345 0.855 0.062 0.136
