97 0.182 0.186 0.133 0.094
26 0.324 0.184 0.130 0.114
28 0.564 0.195 0.044 0.083
28 0.675 0.193 0.048 0.089
16 0.318 0.309 0.132 0.112
27 0.601 0.306 0.112 0.109
54 0.753 0.310 0.105 0.109
7 0.153 0.430 0.060 0.093
91 0.207 0.427 0.056 0.101
28 0.359 0.439 0.068 0.087
56 0.432 0.427 0.059 0.110
6 0.496 0.427 0.070 0.104
1 0.142 0.546 0.079 0.105
42 0.225 0.546 0.062 0.102
73 0.309 0.542 0.042 0.100
74 0.359 0.547 0.053 0.107
70 0.432 0.544 0.068 0.101
66 0.498 0.536 0.055 0.090
66 0.560 0.538 0.064 0.085
80 0.636 0.548 0.053 0.094
80 0.699 0.545 0.072 0.094
17 0.776 0.541 0.051 0.077
37 0.169 0.662 0.053 0.094
37 0.232 0.663 0.067 0.093
37 0.297 0.660 0.051 0.093
79 0.365 0.658 0.062 0.093
37 0.428 0.655 0.064 0.092
86 0.495 0.652 0.062 0.084
81 0.178 0.789 0.065 0.121
81 0.246 0.786 0.062 0.113
55 0.307 0.787 0.060 0.116
44 0.374 0.789 0.074 0.118
102 0.440 0.788 0.060 0.117
85 0.496 0.781 0.056 0.106
23 0.554 0.783 0.068 0.116
40 0.616 0.786 0.057 0.117
21 0.678 0.787 0.068 0.116
78 0.738 0.787 0.056 0.110
5 0.167 0.300 0.106 0.102
46 0.284 0.429 0.074 0.095
84 0.763 0.182 0.110 0.117
71 0.427 0.133 0.065 0.066
41 0.513 0.127 0.051 0.074
94 0.431 0.219 0.061 0.043
31 0.503 0.221 0.074 0.044
36 0.457 0.316 0.100 0.082
24 0.552 0.659 0.057 0.099
63 0.619 0.659 0.055 0.092
72 0.745 0.660 0.065 0.091
0 0.688 0.664 0.053 0.092
