97 0.207 0.276 0.120 0.098
26 0.335 0.272 0.120 0.110
3 0.795 0.269 0.138 0.116
5 0.195 0.394 0.112 0.100
16 0.339 0.401 0.127 0.110
27 0.631 0.398 0.121 0.111
54 0.802 0.399 0.104 0.108
1 0.185 0.627 0.057 0.099
74 0.381 0.631 0.039 0.101
46 0.310 0.518 0.066 0.094
28 0.381 0.529 0.067 0.085
28 0.589 0.281 0.056 0.088
28 0.694 0.279 0.070 0.093
6 0.529 0.519 0.071 0.110
91 0.236 0.512 0.051 0.100
31 0.529 0.308 0.065 0.037
71 0.455 0.223 0.053 0.065
94 0.448 0.309 0.057 0.034
41 0.535 0.217 0.054 0.070
7 0.185 0.519 0.047 0.093
56 0.458 0.519 0.053 0.110
42 0.250 0.628 0.053 0.094
73 0.341 0.632 0.041 0.105
70 0.455 0.637 0.062 0.108
66 0.526 0.633 0.057 0.093
66 0.594 0.634 0.062 0.096
80 0.666 0.643 0.061 0.100
80 0.733 0.646 0.071 0.099
17 0.812 0.646 0.072 0.093
37 0.204 0.739 0.055 0.094
37 0.263 0.743 0.068 0.100
37 0.331 0.741 0.060 0.095
37 0.458 0.749 0.064 0.093
37 0.396 0.743 0.065 0.095
86 0.523 0.747 0.062 0.090
24 0.589 0.753 0.062 0.086
63 0.652 0.762 0.064 0.104
72 0.796 0.770 0.084 0.106
81 0.211 0.860 0.065 0.111
81 0.273 0.863 0.068 0.104
55 0.339 0.867 0.064 0.111
44 0.400 0.876 0.056 0.121
102 0.455 0.887 0.070 0.126
85 0.520 0.888 0.070 0.125
23 0.581 0.887 0.070 0.128
40 0.644 0.895 0.068 0.128
21 0.712 0.896 0.077 0.126
78 0.776 0.900 0.066 0.123
