21 0.289 0.207 0.069 0.175
21 0.360 0.205 0.065 0.177
78 0.444 0.210 0.073 0.169
78 0.511 0.213 0.076 0.175
78 0.589 0.213 0.073 0.171
78 0.670 0.210 0.072 0.178
37 0.282 0.452 0.066 0.111
37 0.360 0.455 0.063 0.102
37 0.437 0.452 0.056 0.103
37 0.494 0.455 0.056 0.101
37 0.582 0.450 0.065 0.121
86 0.356 0.646 0.056 0.112
86 0.422 0.645 0.056 0.112
66 0.498 0.652 0.062 0.107
66 0.569 0.652 0.053 0.108
66 0.624 0.658 0.049 0.108
23 0.281 0.803 0.068 0.161
23 0.353 0.798 0.068 0.145
102 0.419 0.812 0.066 0.158
102 0.485 0.805 0.063 0.144
85 0.557 0.802 0.062 0.141
85 0.623 0.827 0.057 0.149
24 0.287 0.641 0.054 0.098
