21 0.286 0.189 0.078 0.170
21 0.358 0.195 0.075 0.175
78 0.435 0.197 0.076 0.172
78 0.508 0.196 0.075 0.176
78 0.585 0.192 0.072 0.170
78 0.655 0.193 0.070 0.173
37 0.292 0.433 0.060 0.102
37 0.361 0.435 0.063 0.110
37 0.443 0.436 0.063 0.105
37 0.507 0.437 0.062 0.106
37 0.577 0.426 0.063 0.116
86 0.360 0.622 0.062 0.109
86 0.429 0.619 0.056 0.103
66 0.504 0.625 0.059 0.109
66 0.562 0.621 0.057 0.105
66 0.637 0.624 0.055 0.108
23 0.303 0.767 0.056 0.148
23 0.363 0.762 0.065 0.140
102 0.432 0.774 0.063 0.144
102 0.492 0.772 0.060 0.140
85 0.564 0.774 0.066 0.149
85 0.626 0.775 0.065 0.145
44 0.303 0.930 0.068 0.134
81 0.366 0.922 0.060 0.136
81 0.428 0.929 0.062 0.138
81 0.489 0.929 0.060 0.142
55 0.550 0.927 0.065 0.141
55 0.618 0.927 0.070 0.145
24 0.302 0.617 0.050 0.103
