1 0.127 0.116 0.075 0.200
74 0.359 0.125 0.053 0.217
42 0.208 0.127 0.059 0.190
73 0.298 0.124 0.042 0.198
70 0.438 0.144 0.068 0.182
66 0.511 0.159 0.057 0.164
66 0.576 0.164 0.059 0.161
80 0.651 0.145 0.075 0.200
80 0.729 0.153 0.072 0.193
17 0.809 0.149 0.077 0.181
37 0.155 0.378 0.060 0.159
37 0.224 0.377 0.070 0.155
37 0.296 0.384 0.059 0.158
37 0.434 0.377 0.064 0.187
37 0.360 0.385 0.065 0.154
86 0.501 0.387 0.061 0.178
24 0.568 0.383 0.065 0.162
63 0.627 0.399 0.059 0.158
0 0.707 0.403 0.073 0.167
72 0.774 0.411 0.061 0.151
81 0.164 0.610 0.080 0.254
81 0.237 0.618 0.067 0.239
81 0.302 0.622 0.066 0.234
44 0.367 0.624 0.068 0.250
102 0.429 0.632 0.064 0.231
85 0.491 0.639 0.064 0.233
23 0.554 0.633 0.072 0.240
40 0.622 0.636 0.071 0.228
21 0.690 0.642 0.082 0.237
78 0.749 0.644 0.073 0.231
