97 0.137 0.169 0.123 0.111
26 0.276 0.172 0.149 0.120
94 0.397 0.218 0.077 0.041
31 0.486 0.226 0.067 0.029
71 0.402 0.129 0.078 0.065
41 0.495 0.132 0.072 0.081
84 0.736 0.203 0.120 0.112
5 0.134 0.306 0.111 0.118
16 0.281 0.314 0.142 0.122
27 0.594 0.321 0.129 0.113
54 0.740 0.333 0.109 0.105
74 0.302 0.582 0.065 0.114
46 0.234 0.452 0.091 0.100
28 0.316 0.458 0.071 0.092
91 0.136 0.448 0.077 0.116
56 0.389 0.447 0.055 0.117
6 0.466 0.451 0.090 0.119
42 0.143 0.583 0.054 0.112
73 0.243 0.579 0.052 0.116
70 0.389 0.581 0.080 0.115
66 0.529 0.576 0.071 0.095
66 0.452 0.574 0.068 0.104
80 0.677 0.582 0.080 0.105
80 0.596 0.581 0.075 0.110
17 0.753 0.576 0.072 0.088
37 0.379 0.706 0.058 0.109
37 0.230 0.710 0.074 0.098
37 0.157 0.714 0.075 0.112
79 0.311 0.710 0.071 0.098
86 0.450 0.704 0.065 0.103
24 0.523 0.713 0.058 0.114
63 0.586 0.710 0.055 0.104
0 0.667 0.716 0.072 0.107
72 0.723 0.706 0.065 0.098
81 0.152 0.868 0.072 0.144
81 0.073 0.867 0.082 0.141
55 0.232 0.870 0.081 0.140
44 0.304 0.861 0.078 0.149
102 0.380 0.867 0.074 0.151
85 0.444 0.858 0.068 0.136
40 0.572 0.855 0.065 0.130
21 0.640 0.853 0.067 0.136
78 0.705 0.851 0.078 0.140
23 0.510 0.853 0.074 0.135
