97 0.227 0.227 0.142 0.106
97 0.377 0.236 0.132 0.086
26 0.513 0.235 0.114 0.102
54 0.801 0.355 0.109 0.095
27 0.651 0.352 0.133 0.100
16 0.371 0.345 0.136 0.105
1 0.193 0.462 0.067 0.107
74 0.259 0.464 0.052 0.104
73 0.351 0.464 0.045 0.104
28 0.408 0.476 0.056 0.081
6 0.468 0.467 0.065 0.109
91 0.531 0.472 0.059 0.102
66 0.198 0.585 0.052 0.093
66 0.278 0.582 0.064 0.098
86 0.342 0.586 0.049 0.098
17 0.601 0.594 0.071 0.088
70 0.668 0.595 0.071 0.113
80 0.740 0.596 0.074 0.099
80 0.809 0.604 0.055 0.085
37 0.205 0.735 0.062 0.095
37 0.268 0.739 0.072 0.094
37 0.334 0.729 0.048 0.095
37 0.401 0.727 0.072 0.110
37 0.471 0.722 0.054 0.113
21 0.593 0.726 0.064 0.116
21 0.660 0.727 0.067 0.111
78 0.729 0.725 0.064 0.114
78 0.793 0.730 0.064 0.127
78 0.779 0.876 0.069 0.126
40 0.710 0.876 0.071 0.124
23 0.648 0.875 0.064 0.128
85 0.587 0.873 0.062 0.120
102 0.525 0.870 0.064 0.115
102 0.466 0.870 0.055 0.118
44 0.401 0.873 0.072 0.127
55 0.329 0.867 0.059 0.115
81 0.262 0.868 0.069 0.117
81 0.199 0.870 0.080 0.120
62 0.600 0.234 0.033 0.089
92 0.720 0.238 0.053 0.092
84 0.806 0.235 0.127 0.098
36 0.522 0.350 0.114 0.092
63 0.402 0.588 0.067 0.099
72 0.467 0.594 0.073 0.105
0 0.535 0.597 0.062 0.090
24 0.525 0.729 0.053 0.099
5 0.214 0.335 0.120 0.100
