21 0.148 0.147 0.093 0.200
21 0.228 0.158 0.089 0.194
78 0.315 0.164 0.085 0.186
78 0.386 0.172 0.079 0.184
78 0.457 0.182 0.070 0.180
78 0.519 0.190 0.059 0.167
37 0.156 0.422 0.072 0.115
37 0.235 0.422 0.068 0.116
37 0.324 0.416 0.066 0.110
37 0.391 0.422 0.062 0.108
37 0.452 0.414 0.065 0.125
37 0.516 0.414 0.063 0.127
86 0.231 0.627 0.068 0.121
86 0.313 0.620 0.068 0.117
66 0.382 0.616 0.059 0.110
66 0.441 0.610 0.059 0.106
66 0.511 0.607 0.050 0.111
23 0.170 0.798 0.078 0.170
23 0.231 0.778 0.065 0.148
102 0.309 0.776 0.063 0.147
102 0.370 0.766 0.060 0.143
85 0.437 0.755 0.063 0.137
85 0.495 0.753 0.055 0.144
44 0.168 0.948 0.071 0.104
81 0.232 0.942 0.060 0.113
81 0.306 0.931 0.059 0.138
81 0.361 0.929 0.061 0.142
55 0.424 0.921 0.066 0.144
55 0.487 0.910 0.070 0.149
24 0.171 0.627 0.054 0.107
