97 0.139 0.345 0.122 0.093
26 0.272 0.341 0.118 0.109
3 0.710 0.339 0.107 0.124
5 0.125 0.454 0.122 0.088
16 0.269 0.460 0.114 0.099
27 0.548 0.466 0.114 0.098
54 0.720 0.469 0.097 0.101
1 0.120 0.684 0.057 0.097
74 0.303 0.687 0.043 0.099
46 0.242 0.578 0.064 0.087
28 0.507 0.355 0.053 0.095
28 0.617 0.360 0.055 0.099
28 0.314 0.584 0.071 0.081
6 0.448 0.580 0.064 0.111
91 0.176 0.570 0.053 0.095
31 0.448 0.382 0.064 0.041
71 0.375 0.300 0.056 0.060
94 0.376 0.381 0.050 0.035
41 0.456 0.301 0.050 0.061
7 0.117 0.571 0.045 0.091
56 0.381 0.580 0.051 0.102
42 0.171 0.679 0.039 0.098
73 0.257 0.679 0.033 0.087
70 0.383 0.686 0.051 0.094
66 0.446 0.682 0.070 0.079
66 0.508 0.686 0.055 0.089
80 0.570 0.691 0.065 0.091
80 0.642 0.694 0.071 0.096
17 0.716 0.694 0.068 0.084
37 0.125 0.789 0.053 0.089
37 0.191 0.782 0.062 0.082
37 0.254 0.786 0.054 0.091
37 0.380 0.789 0.057 0.078
37 0.319 0.786 0.068 0.082
86 0.441 0.789 0.062 0.078
24 0.505 0.793 0.061 0.077
63 0.567 0.798 0.059 0.092
0 0.640 0.806 0.060 0.095
72 0.702 0.811 0.057 0.098
81 0.135 0.903 0.062 0.108
81 0.199 0.910 0.065 0.112
81 0.263 0.908 0.066 0.107
44 0.323 0.913 0.068 0.118
102 0.380 0.915 0.066 0.117
85 0.441 0.920 0.065 0.121
23 0.499 0.920 0.070 0.112
40 0.559 0.922 0.062 0.116
21 0.623 0.923 0.070 0.114
78 0.688 0.923 0.051 0.105
