97 0.223 0.213 0.122 0.104
26 0.347 0.209 0.143 0.107
94 0.454 0.245 0.074 0.037
31 0.538 0.243 0.065 0.034
71 0.457 0.159 0.068 0.061
41 0.542 0.155 0.062 0.068
84 0.804 0.201 0.129 0.124
5 0.215 0.334 0.100 0.101
16 0.358 0.333 0.123 0.116
27 0.642 0.327 0.123 0.109
54 0.779 0.327 0.101 0.112
74 0.400 0.566 0.058 0.104
46 0.324 0.456 0.065 0.094
28 0.400 0.463 0.065 0.090
7 0.209 0.451 0.055 0.091
91 0.258 0.453 0.058 0.095
56 0.463 0.450 0.069 0.112
6 0.536 0.453 0.064 0.106
42 0.268 0.567 0.058 0.099
73 0.350 0.566 0.041 0.109
70 0.473 0.567 0.065 0.102
66 0.537 0.560 0.061 0.089
66 0.602 0.564 0.055 0.089
80 0.746 0.567 0.080 0.099
80 0.669 0.567 0.067 0.105
17 0.815 0.563 0.058 0.078
37 0.473 0.679 0.062 0.092
37 0.349 0.678 0.064 0.091
37 0.277 0.682 0.074 0.082
79 0.407 0.678 0.058 0.088
86 0.533 0.680 0.067 0.088
24 0.602 0.681 0.064 0.097
63 0.661 0.680 0.064 0.097
0 0.738 0.685 0.072 0.093
72 0.793 0.685 0.069 0.102
81 0.284 0.805 0.072 0.115
81 0.222 0.805 0.072 0.107
55 0.350 0.807 0.067 0.120
44 0.412 0.815 0.074 0.120
102 0.471 0.812 0.056 0.118
85 0.534 0.815 0.061 0.123
40 0.654 0.811 0.069 0.126
21 0.719 0.813 0.071 0.122
78 0.785 0.811 0.074 0.123
23 0.594 0.809 0.068 0.124
