5 0.199 0.113 0.120 0.214
16 0.362 0.128 0.144 0.231
27 0.682 0.125 0.135 0.220
54 0.864 0.131 0.122 0.210
1 0.214 0.570 0.064 0.167
74 0.417 0.577 0.046 0.175
46 0.341 0.367 0.074 0.181
28 0.416 0.381 0.071 0.165
6 0.568 0.363 0.070 0.213
91 0.259 0.364 0.056 0.195
7 0.204 0.370 0.054 0.170
56 0.500 0.364 0.059 0.210
42 0.289 0.571 0.065 0.167
73 0.374 0.572 0.039 0.172
70 0.494 0.578 0.067 0.175
66 0.562 0.565 0.060 0.147
66 0.627 0.570 0.070 0.158
80 0.700 0.575 0.056 0.165
80 0.770 0.578 0.066 0.167
17 0.847 0.573 0.059 0.139
37 0.243 0.756 0.053 0.147
37 0.304 0.757 0.059 0.151
37 0.370 0.753 0.056 0.147
37 0.495 0.756 0.058 0.144
37 0.432 0.753 0.061 0.125
86 0.555 0.752 0.058 0.138
24 0.621 0.756 0.056 0.145
63 0.682 0.770 0.064 0.162
0 0.751 0.776 0.059 0.151
72 0.816 0.776 0.072 0.168
81 0.262 0.929 0.059 0.124
81 0.324 0.931 0.065 0.131
81 0.382 0.929 0.058 0.134
44 0.443 0.934 0.057 0.132
102 0.496 0.934 0.059 0.128
85 0.552 0.935 0.056 0.130
23 0.609 0.934 0.058 0.119
40 0.659 0.936 0.059 0.127
21 0.719 0.939 0.064 0.123
78 0.781 0.939 0.056 0.122
