97 0.240 0.259 0.128 0.094
26 0.384 0.262 0.121 0.098
28 0.629 0.270 0.042 0.089
28 0.744 0.273 0.059 0.096
16 0.394 0.380 0.119 0.101
27 0.670 0.382 0.112 0.103
54 0.807 0.385 0.116 0.100
7 0.218 0.508 0.055 0.097
91 0.269 0.503 0.056 0.105
28 0.425 0.511 0.050 0.078
56 0.495 0.505 0.057 0.113
6 0.562 0.504 0.066 0.110
1 0.219 0.625 0.063 0.106
42 0.291 0.623 0.063 0.107
73 0.365 0.621 0.047 0.102
74 0.415 0.624 0.053 0.102
70 0.496 0.622 0.072 0.100
66 0.559 0.616 0.055 0.086
66 0.622 0.617 0.050 0.085
80 0.702 0.623 0.065 0.094
80 0.764 0.618 0.066 0.098
17 0.830 0.617 0.057 0.084
37 0.228 0.733 0.055 0.096
37 0.290 0.736 0.065 0.091
37 0.362 0.734 0.056 0.089
79 0.425 0.734 0.065 0.089
79 0.489 0.733 0.063 0.088
86 0.555 0.726 0.060 0.084
81 0.230 0.868 0.065 0.115
81 0.294 0.865 0.065 0.113
55 0.360 0.872 0.066 0.130
44 0.424 0.867 0.063 0.122
23 0.612 0.863 0.073 0.119
40 0.671 0.866 0.059 0.124
21 0.735 0.863 0.073 0.121
78 0.796 0.866 0.070 0.128
71 0.505 0.216 0.045 0.062
41 0.582 0.211 0.055 0.070
84 0.840 0.267 0.114 0.119
5 0.247 0.380 0.115 0.095
57 0.544 0.389 0.104 0.082
46 0.350 0.513 0.062 0.091
24 0.619 0.731 0.051 0.090
63 0.677 0.730 0.047 0.085
72 0.816 0.735 0.068 0.099
0 0.750 0.740 0.055 0.091
94 0.497 0.301 0.059 0.039
31 0.573 0.295 0.076 0.036
