97 0.340 0.239 0.093 0.078
26 0.442 0.237 0.098 0.087
94 0.509 0.263 0.042 0.023
31 0.565 0.263 0.056 0.025
71 0.509 0.203 0.051 0.047
41 0.576 0.198 0.046 0.051
3 0.772 0.239 0.094 0.093
5 0.336 0.326 0.078 0.073
16 0.435 0.328 0.094 0.077
27 0.653 0.331 0.098 0.087
54 0.758 0.333 0.088 0.077
1 0.314 0.499 0.046 0.074
74 0.446 0.505 0.049 0.072
46 0.403 0.420 0.051 0.071
28 0.460 0.430 0.048 0.063
18 0.350 0.414 0.042 0.073
56 0.510 0.418 0.045 0.085
6 0.553 0.422 0.067 0.080
42 0.355 0.502 0.052 0.067
73 0.414 0.501 0.032 0.075
70 0.504 0.509 0.058 0.077
66 0.607 0.508 0.045 0.067
66 0.559 0.506 0.051 0.068
80 0.653 0.516 0.058 0.069
80 0.698 0.521 0.059 0.071
17 0.769 0.517 0.046 0.056
37 0.499 0.595 0.059 0.069
37 0.402 0.585 0.041 0.068
37 0.362 0.586 0.046 0.059
79 0.447 0.590 0.049 0.067
86 0.546 0.598 0.056 0.067
48 0.599 0.604 0.048 0.079
0 0.702 0.612 0.058 0.081
81 0.311 0.679 0.051 0.077
55 0.361 0.679 0.049 0.078
35 0.452 0.689 0.062 0.093
102 0.490 0.695 0.062 0.090
85 0.541 0.701 0.055 0.089
21 0.687 0.713 0.056 0.092
90 0.638 0.709 0.046 0.093
100 0.645 0.606 0.065 0.079
47 0.747 0.612 0.061 0.082
23 0.591 0.705 0.056 0.092
88 0.739 0.718 0.062 0.099
