1 0.216 0.335 0.095 0.152
74 0.498 0.330 0.072 0.157
46 0.396 0.142 0.122 0.152
28 0.517 0.155 0.092 0.123
6 0.725 0.153 0.098 0.166
91 0.284 0.146 0.086 0.160
7 0.201 0.150 0.074 0.152
56 0.613 0.133 0.089 0.176
42 0.300 0.333 0.062 0.158
73 0.438 0.335 0.074 0.154
70 0.610 0.328 0.100 0.156
66 0.697 0.326 0.086 0.139
66 0.784 0.323 0.103 0.138
80 0.889 0.327 0.067 0.137
80 0.970 0.319 0.061 0.133
37 0.246 0.508 0.092 0.125
37 0.332 0.508 0.080 0.133
37 0.422 0.504 0.088 0.123
37 0.604 0.499 0.088 0.135
37 0.516 0.495 0.076 0.119
86 0.687 0.492 0.064 0.128
24 0.772 0.491 0.101 0.136
63 0.858 0.498 0.085 0.130
0 0.959 0.496 0.082 0.132
81 0.263 0.679 0.095 0.159
81 0.350 0.679 0.080 0.155
81 0.434 0.677 0.082 0.152
44 0.521 0.674 0.089 0.154
102 0.598 0.676 0.094 0.159
85 0.674 0.675 0.089 0.167
23 0.750 0.667 0.100 0.149
40 0.827 0.668 0.106 0.158
21 0.904 0.664 0.109 0.144
