78 0.681 0.167 0.074 0.154
78 0.620 0.168 0.072 0.157
78 0.548 0.170 0.068 0.155
21 0.486 0.173 0.055 0.145
21 0.413 0.173 0.067 0.155
21 0.353 0.177 0.062 0.151
59 0.613 0.358 0.065 0.153
60 0.546 0.366 0.067 0.148
60 0.481 0.362 0.062 0.140
47 0.358 0.360 0.051 0.146
44 0.669 0.540 0.068 0.155
85 0.422 0.534 0.056 0.129
102 0.365 0.530 0.061 0.123
37 0.604 0.725 0.049 0.081
37 0.543 0.721 0.046 0.080
37 0.491 0.714 0.043 0.076
20 0.371 0.703 0.046 0.105
55 0.597 0.844 0.054 0.122
81 0.489 0.826 0.048 0.102
81 0.427 0.826 0.052 0.102
13 0.384 0.825 0.041 0.106
98 0.609 0.535 0.059 0.143
98 0.543 0.531 0.061 0.133
76 0.420 0.361 0.061 0.145
58 0.430 0.690 0.053 0.113
51 0.652 0.849 0.058 0.117
