97 0.118 0.149 0.137 0.104
26 0.274 0.133 0.130 0.136
94 0.383 0.175 0.074 0.043
31 0.470 0.174 0.075 0.043
71 0.381 0.077 0.081 0.081
41 0.479 0.071 0.061 0.086
84 0.776 0.130 0.148 0.127
5 0.102 0.276 0.130 0.123
16 0.274 0.276 0.146 0.120
27 0.598 0.274 0.148 0.128
54 0.782 0.274 0.124 0.124
1 0.103 0.546 0.052 0.111
74 0.306 0.553 0.064 0.118
46 0.232 0.421 0.087 0.106
28 0.318 0.428 0.065 0.098
7 0.094 0.422 0.065 0.106
91 0.157 0.414 0.064 0.106
56 0.399 0.417 0.094 0.119
6 0.470 0.424 0.087 0.120
42 0.172 0.549 0.085 0.109
73 0.258 0.551 0.043 0.113
70 0.398 0.553 0.081 0.118
66 0.479 0.547 0.078 0.101
66 0.552 0.550 0.065 0.104
80 0.712 0.562 0.084 0.117
80 0.627 0.559 0.084 0.111
17 0.797 0.553 0.075 0.102
37 0.398 0.685 0.067 0.102
37 0.259 0.676 0.072 0.098
37 0.182 0.680 0.080 0.099
37 0.115 0.676 0.069 0.100
79 0.327 0.681 0.069 0.097
86 0.476 0.684 0.075 0.102
24 0.550 0.688 0.061 0.103
63 0.621 0.696 0.081 0.112
0 0.707 0.698 0.080 0.109
72 0.779 0.700 0.081 0.114
81 0.191 0.826 0.087 0.127
81 0.118 0.829 0.085 0.131
55 0.262 0.831 0.081 0.136
44 0.334 0.837 0.077 0.145
102 0.400 0.840 0.087 0.152
85 0.469 0.847 0.078 0.155
40 0.616 0.852 0.077 0.152
21 0.692 0.854 0.087 0.145
78 0.766 0.854 0.087 0.143
23 0.539 0.844 0.080 0.142
