97 0.276 0.230 0.132 0.093
26 0.404 0.220 0.105 0.098
28 0.633 0.227 0.055 0.092
28 0.724 0.228 0.070 0.092
16 0.402 0.338 0.116 0.100
27 0.670 0.338 0.118 0.101
54 0.819 0.342 0.102 0.110
7 0.258 0.450 0.040 0.087
91 0.312 0.445 0.050 0.093
28 0.438 0.458 0.062 0.075
56 0.511 0.451 0.052 0.105
6 0.570 0.456 0.066 0.109
1 0.263 0.549 0.053 0.089
42 0.326 0.553 0.053 0.092
73 0.391 0.556 0.045 0.087
74 0.434 0.558 0.045 0.093
70 0.508 0.563 0.068 0.100
66 0.571 0.560 0.057 0.084
66 0.630 0.567 0.049 0.093
80 0.685 0.577 0.070 0.099
80 0.756 0.576 0.066 0.102
17 0.842 0.584 0.050 0.093
37 0.284 0.646 0.050 0.079
37 0.338 0.651 0.053 0.077
37 0.394 0.656 0.047 0.079
79 0.448 0.660 0.062 0.084
79 0.509 0.661 0.052 0.084
86 0.565 0.672 0.060 0.093
81 0.286 0.757 0.049 0.101
81 0.340 0.769 0.052 0.099
55 0.398 0.772 0.065 0.101
44 0.452 0.783 0.068 0.114
102 0.511 0.786 0.059 0.106
85 0.565 0.794 0.063 0.108
23 0.619 0.799 0.053 0.113
40 0.678 0.808 0.065 0.116
21 0.741 0.810 0.062 0.121
78 0.806 0.823 0.062 0.124
71 0.507 0.173 0.041 0.059
41 0.579 0.164 0.049 0.071
94 0.490 0.257 0.060 0.035
31 0.571 0.255 0.068 0.037
3 0.838 0.205 0.121 0.131
36 0.535 0.345 0.100 0.086
5 0.275 0.333 0.098 0.093
46 0.371 0.451 0.055 0.083
24 0.629 0.670 0.057 0.082
63 0.688 0.683 0.059 0.086
72 0.819 0.693 0.065 0.095
