94 0.438 0.168 0.071 0.041
31 0.533 0.166 0.067 0.041
71 0.441 0.072 0.074 0.087
41 0.538 0.060 0.069 0.079
84 0.832 0.109 0.145 0.127
5 0.175 0.274 0.120 0.111
16 0.327 0.277 0.142 0.118
27 0.659 0.267 0.148 0.120
54 0.825 0.264 0.127 0.120
1 0.151 0.547 0.068 0.128
74 0.358 0.553 0.072 0.129
46 0.293 0.421 0.072 0.104
28 0.367 0.426 0.059 0.094
7 0.141 0.421 0.069 0.109
91 0.209 0.420 0.077 0.105
56 0.458 0.408 0.068 0.124
6 0.531 0.422 0.075 0.112
42 0.216 0.554 0.075 0.114
73 0.305 0.550 0.045 0.115
70 0.457 0.559 0.091 0.128
66 0.614 0.561 0.075 0.117
66 0.537 0.553 0.087 0.120
80 0.788 0.566 0.094 0.133
80 0.693 0.566 0.098 0.133
17 0.884 0.562 0.082 0.107
37 0.455 0.697 0.069 0.114
37 0.309 0.696 0.074 0.106
37 0.229 0.698 0.101 0.109
37 0.157 0.689 0.080 0.104
79 0.378 0.700 0.078 0.105
86 0.530 0.706 0.093 0.124
24 0.615 0.708 0.067 0.117
63 0.694 0.717 0.085 0.118
0 0.784 0.721 0.080 0.132
72 0.870 0.731 0.087 0.136
81 0.237 0.848 0.100 0.148
81 0.162 0.848 0.098 0.138
55 0.311 0.864 0.088 0.152
44 0.379 0.869 0.110 0.162
102 0.457 0.876 0.090 0.163
85 0.522 0.881 0.097 0.162
40 0.688 0.900 0.094 0.174
21 0.775 0.899 0.088 0.165
78 0.860 0.907 0.091 0.177
23 0.608 0.888 0.090 0.163
