16 0.359 0.192 0.108 0.167
27 0.597 0.200 0.098 0.149
54 0.712 0.210 0.082 0.154
1 0.198 0.373 0.067 0.164
74 0.264 0.371 0.054 0.164
73 0.344 0.373 0.030 0.157
28 0.388 0.403 0.056 0.109
6 0.447 0.378 0.061 0.170
91 0.495 0.387 0.040 0.152
66 0.221 0.562 0.044 0.139
66 0.274 0.557 0.056 0.135
86 0.334 0.554 0.051 0.147
17 0.547 0.560 0.055 0.139
70 0.603 0.556 0.056 0.151
80 0.654 0.559 0.068 0.142
80 0.712 0.554 0.042 0.135
37 0.230 0.766 0.054 0.136
37 0.281 0.768 0.057 0.141
37 0.338 0.762 0.051 0.132
37 0.388 0.748 0.055 0.161
37 0.440 0.745 0.059 0.152
21 0.542 0.740 0.064 0.168
21 0.596 0.739 0.053 0.167
78 0.644 0.733 0.044 0.157
78 0.696 0.743 0.048 0.168
81 0.230 0.941 0.057 0.119
81 0.288 0.937 0.057 0.119
81 0.340 0.937 0.050 0.126
44 0.389 0.936 0.053 0.129
102 0.444 0.932 0.056 0.136
102 0.493 0.930 0.047 0.140
85 0.537 0.930 0.053 0.140
23 0.587 0.931 0.053 0.137
40 0.633 0.931 0.050 0.139
78 0.683 0.926 0.048 0.149
5 0.240 0.186 0.095 0.158
36 0.480 0.215 0.083 0.129
63 0.387 0.570 0.045 0.132
72 0.445 0.562 0.054 0.158
24 0.485 0.752 0.053 0.162
