74 0.222 0.306 0.057 0.113
46 0.140 0.168 0.080 0.113
28 0.226 0.182 0.067 0.097
6 0.382 0.167 0.080 0.134
91 0.054 0.165 0.062 0.119
56 0.299 0.160 0.074 0.133
42 0.074 0.308 0.045 0.121
73 0.176 0.306 0.053 0.119
70 0.324 0.306 0.072 0.121
66 0.391 0.306 0.074 0.106
66 0.465 0.306 0.068 0.105
80 0.538 0.305 0.083 0.110
80 0.616 0.310 0.078 0.111
17 0.700 0.304 0.089 0.103
37 0.042 0.448 0.064 0.101
37 0.112 0.442 0.070 0.103
37 0.187 0.443 0.062 0.100
37 0.330 0.437 0.064 0.109
37 0.258 0.445 0.071 0.101
86 0.397 0.435 0.068 0.104
24 0.469 0.436 0.076 0.102
63 0.532 0.445 0.068 0.097
0 0.607 0.443 0.068 0.109
72 0.679 0.444 0.073 0.110
81 0.145 0.571 0.073 0.117
81 0.080 0.576 0.062 0.126
81 0.219 0.573 0.073 0.116
44 0.275 0.576 0.061 0.124
102 0.343 0.576 0.070 0.124
85 0.407 0.581 0.073 0.129
23 0.467 0.580 0.080 0.128
40 0.532 0.580 0.072 0.131
21 0.601 0.578 0.068 0.123
78 0.667 0.578 0.064 0.126
