97 0.347 0.424 0.144 0.121
26 0.505 0.418 0.145 0.127
5 0.348 0.562 0.133 0.118
16 0.516 0.559 0.151 0.110
27 0.865 0.550 0.160 0.112
1 0.328 0.838 0.076 0.118
74 0.568 0.833 0.068 0.113
46 0.489 0.703 0.085 0.117
28 0.576 0.708 0.082 0.104
28 0.819 0.428 0.071 0.102
28 0.935 0.423 0.059 0.098
6 0.731 0.691 0.094 0.122
91 0.391 0.696 0.065 0.125
31 0.740 0.455 0.088 0.049
71 0.657 0.361 0.067 0.065
94 0.647 0.458 0.074 0.044
41 0.750 0.363 0.057 0.069
7 0.328 0.707 0.057 0.113
56 0.659 0.693 0.065 0.121
42 0.415 0.836 0.065 0.116
73 0.514 0.833 0.053 0.118
70 0.655 0.831 0.078 0.117
66 0.728 0.819 0.077 0.100
66 0.809 0.816 0.094 0.097
80 0.898 0.825 0.076 0.113
80 0.970 0.815 0.059 0.103
37 0.337 0.959 0.069 0.081
37 0.421 0.958 0.076 0.084
37 0.499 0.957 0.073 0.086
37 0.658 0.954 0.079 0.091
37 0.576 0.955 0.074 0.089
86 0.733 0.953 0.074 0.093
24 0.815 0.950 0.083 0.094
63 0.886 0.953 0.069 0.095
0 0.963 0.946 0.074 0.088
