7 0.119 0.091 0.065 0.181
91 0.188 0.092 0.080 0.183
28 0.341 0.093 0.067 0.172
56 0.424 0.100 0.066 0.200
6 0.494 0.093 0.066 0.186
1 0.156 0.301 0.080 0.172
42 0.222 0.301 0.055 0.172
73 0.306 0.302 0.053 0.172
74 0.358 0.301 0.059 0.178
70 0.430 0.299 0.066 0.172
66 0.500 0.286 0.053 0.151
66 0.560 0.292 0.058 0.157
80 0.628 0.298 0.069 0.170
80 0.700 0.297 0.066 0.171
17 0.777 0.294 0.053 0.136
37 0.207 0.477 0.050 0.128
37 0.265 0.478 0.055 0.126
37 0.325 0.480 0.054 0.129
79 0.384 0.476 0.055 0.124
86 0.497 0.478 0.050 0.125
81 0.237 0.659 0.059 0.142
81 0.294 0.663 0.054 0.147
55 0.348 0.664 0.060 0.152
44 0.400 0.662 0.057 0.159
102 0.451 0.664 0.048 0.159
85 0.499 0.666 0.052 0.164
23 0.555 0.663 0.057 0.158
40 0.608 0.666 0.053 0.155
21 0.662 0.661 0.055 0.147
78 0.714 0.660 0.051 0.144
24 0.558 0.477 0.054 0.128
63 0.609 0.480 0.045 0.128
0 0.679 0.487 0.047 0.125
72 0.740 0.492 0.060 0.149
46 0.259 0.089 0.075 0.177
