1 0.192 0.196 0.073 0.178
74 0.388 0.200 0.052 0.181
42 0.274 0.205 0.057 0.164
73 0.341 0.210 0.048 0.175
70 0.461 0.209 0.058 0.181
66 0.520 0.210 0.055 0.147
66 0.575 0.216 0.061 0.161
80 0.643 0.212 0.061 0.168
80 0.705 0.215 0.050 0.159
17 0.772 0.206 0.056 0.144
37 0.225 0.415 0.059 0.142
37 0.280 0.419 0.068 0.147
37 0.345 0.418 0.053 0.145
37 0.461 0.400 0.046 0.167
37 0.407 0.401 0.055 0.145
86 0.513 0.404 0.054 0.158
24 0.576 0.402 0.058 0.157
63 0.633 0.413 0.054 0.141
0 0.693 0.410 0.055 0.144
72 0.752 0.406 0.062 0.162
81 0.242 0.603 0.064 0.172
81 0.297 0.603 0.055 0.178
81 0.351 0.605 0.056 0.184
44 0.405 0.606 0.050 0.180
102 0.462 0.610 0.061 0.200
85 0.512 0.617 0.057 0.195
23 0.567 0.612 0.058 0.191
40 0.619 0.612 0.065 0.203
21 0.674 0.615 0.061 0.197
78 0.726 0.616 0.048 0.193
