6 0.646 0.201 0.058 0.079
75 0.471 0.215 0.048 0.062
62 0.414 0.206 0.052 0.067
15 0.325 0.196 0.109 0.097
73 0.703 0.334 0.041 0.063
4 0.644 0.331 0.049 0.068
65 0.588 0.330 0.059 0.074
89 0.528 0.330 0.045 0.074
54 0.469 0.334 0.058 0.067
1 0.408 0.325 0.052 0.085
28 0.358 0.333 0.051 0.066
12 0.302 0.330 0.054 0.075
60 0.636 0.455 0.051 0.105
60 0.585 0.455 0.049 0.107
47 0.476 0.454 0.052 0.109
78 0.420 0.456 0.052 0.111
21 0.361 0.455 0.051 0.112
21 0.314 0.455 0.062 0.104
37 0.669 0.593 0.039 0.067
37 0.626 0.599 0.042 0.069
37 0.574 0.601 0.045 0.074
9 0.526 0.579 0.051 0.109
85 0.475 0.583 0.049 0.105
85 0.424 0.583 0.061 0.106
102 0.372 0.582 0.046 0.104
102 0.321 0.582 0.058 0.104
51 0.668 0.700 0.045 0.100
59 0.622 0.701 0.046 0.106
44 0.576 0.702 0.049 0.104
55 0.525 0.701 0.049 0.104
55 0.477 0.700 0.051 0.103
55 0.427 0.700 0.052 0.103
81 0.376 0.698 0.043 0.102
81 0.327 0.702 0.055 0.099
52 0.556 0.214 0.113 0.067
