1 0.281 0.380 0.088 0.162
74 0.578 0.383 0.060 0.167
46 0.501 0.199 0.107 0.156
28 0.611 0.215 0.097 0.130
6 0.833 0.199 0.101 0.171
91 0.373 0.190 0.071 0.166
7 0.289 0.196 0.079 0.144
56 0.726 0.195 0.082 0.172
42 0.383 0.387 0.103 0.150
73 0.515 0.383 0.053 0.160
70 0.689 0.388 0.104 0.161
66 0.790 0.387 0.082 0.143
66 0.883 0.398 0.115 0.135
37 0.282 0.566 0.080 0.134
37 0.381 0.572 0.085 0.135
37 0.480 0.566 0.092 0.133
37 0.672 0.562 0.093 0.145
37 0.572 0.562 0.088 0.131
86 0.755 0.561 0.079 0.137
24 0.855 0.564 0.100 0.141
63 0.947 0.582 0.097 0.134
81 0.292 0.753 0.097 0.171
81 0.383 0.748 0.089 0.163
81 0.471 0.753 0.093 0.168
44 0.561 0.753 0.091 0.171
102 0.643 0.759 0.100 0.178
85 0.734 0.756 0.083 0.167
23 0.820 0.760 0.109 0.176
40 0.893 0.755 0.123 0.169
21 0.961 0.757 0.077 0.164
