97 0.256 0.231 0.128 0.111
101 0.371 0.209 0.068 0.143
101 0.454 0.210 0.070 0.147
82 0.799 0.239 0.071 0.092
12 0.213 0.400 0.085 0.106
28 0.294 0.409 0.061 0.092
1 0.365 0.398 0.079 0.122
54 0.461 0.404 0.073 0.096
91 0.537 0.401 0.060 0.116
65 0.617 0.405 0.085 0.100
4 0.706 0.408 0.065 0.097
73 0.791 0.405 0.076 0.100
21 0.232 0.558 0.092 0.153
21 0.319 0.554 0.095 0.158
78 0.391 0.556 0.083 0.154
47 0.467 0.555 0.074 0.159
93 0.545 0.557 0.082 0.160
60 0.620 0.555 0.065 0.152
60 0.693 0.555 0.070 0.154
102 0.254 0.731 0.085 0.154
102 0.325 0.735 0.072 0.156
85 0.396 0.735 0.077 0.158
85 0.470 0.735 0.077 0.156
9 0.539 0.735 0.065 0.166
37 0.610 0.760 0.066 0.101
37 0.684 0.758 0.054 0.109
37 0.753 0.756 0.049 0.102
81 0.259 0.911 0.077 0.133
81 0.331 0.907 0.079 0.142
55 0.399 0.909 0.070 0.124
55 0.469 0.913 0.079 0.133
13 0.540 0.909 0.070 0.138
59 0.608 0.908 0.067 0.142
44 0.678 0.909 0.059 0.151
64 0.570 0.238 0.110 0.102
25 0.742 0.903 0.065 0.133
20 0.766 0.566 0.056 0.123
