1 0.175 0.177 0.062 0.185
74 0.372 0.185 0.055 0.191
42 0.248 0.186 0.077 0.187
73 0.326 0.185 0.047 0.182
70 0.441 0.187 0.062 0.203
66 0.507 0.192 0.057 0.159
66 0.572 0.199 0.060 0.155
80 0.639 0.193 0.056 0.175
80 0.701 0.193 0.056 0.172
17 0.774 0.192 0.061 0.159
37 0.207 0.396 0.048 0.148
37 0.266 0.394 0.057 0.155
37 0.327 0.399 0.053 0.145
37 0.447 0.387 0.054 0.158
37 0.386 0.404 0.060 0.147
86 0.505 0.399 0.052 0.158
24 0.565 0.397 0.062 0.161
63 0.623 0.389 0.050 0.139
0 0.687 0.408 0.046 0.157
72 0.748 0.415 0.062 0.139
81 0.220 0.605 0.062 0.181
81 0.274 0.603 0.055 0.185
81 0.336 0.600 0.056 0.180
44 0.390 0.609 0.059 0.185
102 0.446 0.612 0.061 0.197
85 0.500 0.613 0.059 0.195
23 0.555 0.612 0.065 0.197
40 0.605 0.610 0.064 0.201
21 0.663 0.613 0.062 0.195
78 0.721 0.613 0.058 0.185
