97 0.256 0.231 0.098 0.085
26 0.366 0.234 0.117 0.088
94 0.452 0.262 0.055 0.028
31 0.513 0.263 0.062 0.036
41 0.527 0.191 0.052 0.055
3 0.741 0.232 0.101 0.103
5 0.265 0.331 0.078 0.082
16 0.366 0.334 0.101 0.086
27 0.614 0.335 0.113 0.092
54 0.730 0.338 0.080 0.081
74 0.398 0.527 0.055 0.081
46 0.340 0.434 0.055 0.074
28 0.402 0.438 0.051 0.068
18 0.280 0.430 0.048 0.079
56 0.453 0.435 0.067 0.089
6 0.515 0.437 0.061 0.088
42 0.295 0.521 0.055 0.078
73 0.359 0.523 0.035 0.077
70 0.459 0.526 0.064 0.087
66 0.559 0.528 0.062 0.071
66 0.515 0.525 0.059 0.073
80 0.676 0.532 0.064 0.071
80 0.613 0.533 0.071 0.089
17 0.740 0.533 0.048 0.063
37 0.458 0.619 0.045 0.072
37 0.359 0.611 0.043 0.069
37 0.300 0.616 0.052 0.071
79 0.411 0.612 0.049 0.065
86 0.510 0.617 0.062 0.077
24 0.567 0.620 0.045 0.068
0 0.676 0.625 0.055 0.073
81 0.260 0.713 0.062 0.098
55 0.306 0.712 0.055 0.080
35 0.407 0.718 0.061 0.092
102 0.462 0.721 0.055 0.092
85 0.504 0.724 0.058 0.089
19 0.361 0.713 0.051 0.091
90 0.613 0.729 0.059 0.100
100 0.612 0.628 0.064 0.076
47 0.727 0.633 0.065 0.082
23 0.559 0.727 0.054 0.094
88 0.715 0.733 0.055 0.093
77 0.664 0.733 0.051 0.100
