97 0.286 0.335 0.097 0.132
26 0.390 0.332 0.098 0.144
3 0.721 0.324 0.091 0.152
5 0.282 0.488 0.082 0.128
16 0.390 0.494 0.098 0.142
27 0.609 0.488 0.097 0.129
54 0.713 0.488 0.079 0.132
1 0.260 0.812 0.046 0.132
74 0.416 0.813 0.042 0.139
46 0.370 0.654 0.057 0.124
28 0.573 0.347 0.033 0.124
28 0.656 0.342 0.033 0.116
28 0.423 0.660 0.051 0.124
6 0.528 0.659 0.051 0.159
91 0.307 0.652 0.040 0.136
31 0.527 0.383 0.048 0.049
71 0.470 0.272 0.055 0.086
94 0.468 0.376 0.045 0.047
41 0.536 0.269 0.047 0.093
7 0.267 0.659 0.042 0.126
56 0.469 0.648 0.047 0.142
42 0.318 0.813 0.058 0.136
73 0.379 0.809 0.039 0.136
70 0.477 0.817 0.055 0.144
66 0.529 0.800 0.051 0.116
66 0.580 0.801 0.052 0.121
80 0.633 0.809 0.056 0.131
80 0.687 0.814 0.054 0.132
17 0.747 0.805 0.055 0.118
37 0.277 0.951 0.050 0.097
37 0.327 0.951 0.051 0.097
37 0.374 0.954 0.049 0.093
37 0.478 0.951 0.044 0.099
37 0.431 0.950 0.044 0.098
86 0.529 0.953 0.048 0.094
24 0.580 0.951 0.051 0.099
63 0.631 0.951 0.045 0.099
0 0.679 0.952 0.047 0.096
72 0.733 0.951 0.058 0.097
