97 0.226 0.210 0.098 0.091
26 0.340 0.207 0.098 0.087
94 0.421 0.239 0.052 0.027
31 0.481 0.240 0.054 0.028
71 0.416 0.172 0.056 0.051
41 0.486 0.170 0.048 0.051
3 0.693 0.206 0.100 0.101
5 0.236 0.305 0.069 0.077
16 0.347 0.309 0.106 0.088
27 0.563 0.308 0.107 0.085
54 0.684 0.314 0.088 0.084
74 0.373 0.497 0.048 0.077
46 0.312 0.406 0.056 0.076
28 0.373 0.414 0.048 0.066
18 0.253 0.405 0.056 0.080
56 0.429 0.401 0.051 0.086
6 0.478 0.410 0.065 0.088
42 0.253 0.496 0.045 0.076
73 0.328 0.499 0.036 0.078
70 0.426 0.500 0.062 0.081
66 0.527 0.496 0.049 0.068
66 0.478 0.494 0.051 0.074
80 0.640 0.497 0.065 0.076
80 0.580 0.497 0.062 0.082
17 0.701 0.495 0.043 0.059
37 0.429 0.586 0.045 0.067
37 0.324 0.586 0.052 0.072
37 0.266 0.587 0.052 0.071
79 0.375 0.586 0.049 0.074
86 0.478 0.590 0.052 0.079
24 0.529 0.587 0.045 0.075
0 0.635 0.595 0.056 0.077
81 0.223 0.685 0.061 0.093
55 0.278 0.688 0.055 0.089
35 0.379 0.689 0.065 0.098
102 0.434 0.695 0.043 0.094
85 0.477 0.696 0.051 0.093
21 0.625 0.695 0.054 0.094
78 0.679 0.694 0.052 0.095
19 0.331 0.689 0.048 0.094
90 0.572 0.695 0.049 0.099
100 0.580 0.592 0.052 0.078
47 0.692 0.595 0.055 0.079
23 0.522 0.690 0.048 0.095
