37 0.257 0.343 0.055 0.158
37 0.327 0.347 0.068 0.164
37 0.388 0.344 0.057 0.152
37 0.449 0.330 0.051 0.174
37 0.512 0.325 0.067 0.170
21 0.637 0.304 0.073 0.231
21 0.704 0.305 0.057 0.230
81 0.270 0.552 0.056 0.190
81 0.328 0.554 0.058 0.195
55 0.388 0.558 0.064 0.201
44 0.447 0.561 0.058 0.213
102 0.509 0.568 0.058 0.204
102 0.571 0.562 0.053 0.213
85 0.625 0.565 0.064 0.208
23 0.685 0.566 0.057 0.214
40 0.743 0.565 0.062 0.205
78 0.803 0.574 0.051 0.210
78 0.758 0.293 0.062 0.197
78 0.831 0.322 0.060 0.230
66 0.238 0.074 0.050 0.148
66 0.300 0.073 0.067 0.145
86 0.374 0.077 0.065 0.154
17 0.654 0.084 0.067 0.168
70 0.726 0.078 0.068 0.155
80 0.799 0.084 0.075 0.167
80 0.869 0.084 0.060 0.167
72 0.527 0.075 0.071 0.150
0 0.589 0.081 0.071 0.161
63 0.449 0.077 0.066 0.148
24 0.570 0.340 0.055 0.168
