97 0.179 0.257 0.115 0.083
26 0.291 0.258 0.104 0.093
3 0.677 0.252 0.104 0.108
5 0.175 0.360 0.095 0.089
16 0.294 0.365 0.106 0.092
27 0.545 0.365 0.106 0.094
54 0.669 0.367 0.094 0.097
1 0.153 0.566 0.055 0.090
74 0.325 0.571 0.045 0.087
46 0.270 0.473 0.050 0.077
28 0.493 0.264 0.042 0.085
28 0.597 0.262 0.047 0.083
28 0.330 0.474 0.057 0.081
6 0.449 0.474 0.061 0.100
91 0.204 0.465 0.047 0.091
31 0.443 0.287 0.056 0.032
71 0.380 0.213 0.049 0.052
94 0.377 0.288 0.047 0.024
41 0.451 0.208 0.048 0.066
7 0.161 0.467 0.044 0.083
56 0.384 0.467 0.042 0.086
42 0.218 0.570 0.061 0.082
73 0.281 0.571 0.038 0.089
70 0.398 0.571 0.051 0.087
66 0.454 0.567 0.061 0.081
66 0.510 0.569 0.051 0.080
80 0.564 0.576 0.064 0.090
80 0.632 0.583 0.057 0.092
17 0.691 0.583 0.057 0.083
37 0.177 0.666 0.061 0.083
37 0.230 0.668 0.061 0.087
37 0.284 0.670 0.051 0.085
37 0.400 0.672 0.050 0.080
37 0.350 0.666 0.050 0.075
86 0.455 0.673 0.059 0.077
24 0.513 0.675 0.064 0.084
63 0.567 0.681 0.051 0.085
72 0.680 0.690 0.056 0.088
81 0.185 0.773 0.057 0.100
81 0.239 0.779 0.057 0.100
81 0.294 0.782 0.062 0.106
44 0.347 0.787 0.056 0.106
102 0.396 0.788 0.061 0.108
85 0.450 0.794 0.062 0.110
23 0.508 0.796 0.055 0.108
40 0.562 0.797 0.068 0.117
21 0.618 0.805 0.065 0.119
78 0.675 0.810 0.056 0.127
