1 0.251 0.258 0.091 0.155
74 0.517 0.253 0.086 0.158
46 0.424 0.077 0.121 0.153
28 0.543 0.083 0.091 0.129
6 0.745 0.074 0.105 0.148
91 0.317 0.078 0.074 0.155
7 0.224 0.077 0.103 0.151
56 0.635 0.073 0.075 0.145
42 0.324 0.254 0.051 0.156
73 0.458 0.253 0.067 0.154
70 0.624 0.245 0.101 0.156
66 0.706 0.242 0.066 0.137
66 0.790 0.240 0.092 0.133
80 0.898 0.241 0.088 0.143
80 0.973 0.234 0.055 0.132
37 0.275 0.427 0.089 0.122
37 0.365 0.422 0.076 0.120
37 0.449 0.418 0.086 0.119
37 0.612 0.408 0.086 0.128
37 0.535 0.418 0.085 0.120
86 0.694 0.401 0.070 0.119
24 0.775 0.403 0.086 0.118
63 0.859 0.403 0.079 0.116
0 0.949 0.409 0.071 0.120
81 0.293 0.575 0.095 0.128
81 0.384 0.575 0.082 0.136
81 0.461 0.575 0.082 0.130
44 0.536 0.571 0.070 0.137
102 0.607 0.569 0.083 0.136
85 0.681 0.562 0.077 0.131
23 0.752 0.563 0.103 0.136
40 0.823 0.559 0.091 0.134
21 0.895 0.557 0.094 0.130
78 0.964 0.554 0.071 0.135
