97 0.192 0.283 0.143 0.111
26 0.326 0.284 0.119 0.110
94 0.423 0.317 0.064 0.043
31 0.509 0.318 0.059 0.036
71 0.421 0.226 0.064 0.071
41 0.510 0.217 0.075 0.088
84 0.799 0.268 0.165 0.151
5 0.193 0.408 0.101 0.097
16 0.334 0.410 0.130 0.105
27 0.631 0.418 0.148 0.128
54 0.785 0.420 0.117 0.120
1 0.185 0.638 0.051 0.099
74 0.370 0.655 0.054 0.095
46 0.301 0.538 0.055 0.092
28 0.370 0.544 0.059 0.094
7 0.177 0.529 0.049 0.092
91 0.235 0.526 0.068 0.102
56 0.448 0.537 0.068 0.109
6 0.513 0.543 0.068 0.106
42 0.251 0.646 0.064 0.098
73 0.323 0.649 0.038 0.093
70 0.450 0.663 0.085 0.100
66 0.593 0.668 0.071 0.087
66 0.523 0.661 0.071 0.074
80 0.743 0.688 0.080 0.095
80 0.662 0.677 0.082 0.102
17 0.823 0.689 0.068 0.087
37 0.463 0.772 0.062 0.077
37 0.337 0.758 0.054 0.074
37 0.259 0.760 0.069 0.091
37 0.209 0.746 0.061 0.080
79 0.393 0.767 0.059 0.073
86 0.515 0.787 0.072 0.089
24 0.592 0.790 0.067 0.090
63 0.657 0.806 0.069 0.094
0 0.742 0.813 0.071 0.094
72 0.805 0.830 0.074 0.117
81 0.286 0.874 0.077 0.091
81 0.227 0.866 0.071 0.086
55 0.345 0.883 0.071 0.107
44 0.400 0.899 0.085 0.114
102 0.462 0.916 0.064 0.124
85 0.518 0.921 0.072 0.124
40 0.656 0.940 0.081 0.121
21 0.730 0.946 0.071 0.108
78 0.795 0.949 0.066 0.102
23 0.587 0.933 0.074 0.125
