97 0.185 0.237 0.126 0.091
26 0.326 0.223 0.130 0.109
94 0.429 0.252 0.061 0.037
31 0.512 0.252 0.071 0.040
71 0.430 0.162 0.075 0.072
41 0.515 0.153 0.067 0.074
84 0.794 0.198 0.140 0.132
5 0.171 0.347 0.101 0.110
16 0.323 0.350 0.150 0.109
27 0.646 0.336 0.137 0.119
54 0.795 0.336 0.129 0.119
1 0.168 0.607 0.064 0.110
74 0.360 0.608 0.068 0.113
46 0.293 0.489 0.077 0.099
28 0.370 0.494 0.071 0.085
7 0.159 0.485 0.062 0.098
91 0.221 0.484 0.062 0.100
56 0.447 0.479 0.069 0.111
6 0.522 0.478 0.077 0.118
42 0.236 0.606 0.055 0.105
73 0.310 0.607 0.049 0.109
70 0.453 0.609 0.069 0.111
66 0.601 0.608 0.069 0.109
66 0.525 0.606 0.081 0.107
80 0.757 0.613 0.084 0.113
80 0.680 0.606 0.071 0.105
17 0.842 0.606 0.081 0.102
37 0.457 0.735 0.068 0.106
37 0.382 0.732 0.074 0.101
37 0.311 0.734 0.068 0.103
37 0.245 0.735 0.084 0.105
37 0.178 0.736 0.061 0.102
86 0.529 0.740 0.071 0.103
24 0.596 0.741 0.067 0.105
63 0.672 0.746 0.084 0.111
0 0.750 0.756 0.078 0.120
72 0.827 0.757 0.085 0.114
81 0.252 0.880 0.093 0.126
81 0.185 0.877 0.088 0.114
55 0.324 0.887 0.085 0.137
44 0.388 0.894 0.095 0.143
102 0.456 0.899 0.075 0.151
85 0.522 0.902 0.082 0.152
40 0.671 0.907 0.080 0.149
21 0.742 0.908 0.085 0.149
78 0.825 0.911 0.087 0.155
23 0.596 0.894 0.074 0.140
