97 0.337 0.120 0.172 0.125
26 0.525 0.106 0.175 0.158
5 0.329 0.268 0.147 0.141
16 0.519 0.271 0.160 0.138
27 0.868 0.271 0.142 0.124
1 0.306 0.583 0.080 0.120
74 0.550 0.577 0.065 0.126
46 0.480 0.437 0.091 0.116
28 0.561 0.445 0.057 0.102
28 0.845 0.126 0.041 0.123
28 0.978 0.123 0.044 0.122
6 0.738 0.428 0.076 0.136
91 0.375 0.433 0.073 0.128
31 0.773 0.161 0.088 0.047
71 0.686 0.045 0.083 0.081
94 0.668 0.162 0.086 0.050
41 0.786 0.043 0.064 0.086
7 0.297 0.439 0.082 0.118
56 0.663 0.425 0.068 0.137
42 0.400 0.580 0.068 0.122
73 0.499 0.576 0.051 0.125
70 0.645 0.575 0.089 0.128
66 0.719 0.566 0.066 0.113
66 0.796 0.565 0.092 0.105
80 0.887 0.575 0.071 0.118
80 0.961 0.572 0.077 0.109
37 0.315 0.724 0.080 0.116
37 0.391 0.720 0.080 0.110
37 0.480 0.717 0.091 0.108
37 0.636 0.717 0.092 0.117
37 0.558 0.718 0.070 0.111
86 0.712 0.705 0.065 0.100
24 0.791 0.707 0.103 0.114
63 0.864 0.706 0.067 0.109
0 0.939 0.709 0.076 0.106
81 0.328 0.879 0.085 0.147
81 0.404 0.874 0.082 0.143
81 0.480 0.866 0.082 0.129
44 0.550 0.867 0.080 0.131
102 0.623 0.862 0.088 0.129
85 0.697 0.860 0.074 0.127
23 0.770 0.855 0.091 0.125
40 0.838 0.853 0.088 0.135
21 0.918 0.851 0.091 0.116
78 0.965 0.849 0.070 0.129
