97 0.175 0.244 0.122 0.095
26 0.308 0.237 0.123 0.111
94 0.406 0.275 0.059 0.033
31 0.485 0.276 0.064 0.037
71 0.410 0.192 0.072 0.067
41 0.491 0.186 0.064 0.071
84 0.740 0.235 0.135 0.113
5 0.172 0.357 0.104 0.100
16 0.311 0.359 0.135 0.104
27 0.600 0.358 0.129 0.113
54 0.737 0.360 0.113 0.105
1 0.163 0.593 0.054 0.101
74 0.339 0.594 0.049 0.097
46 0.279 0.485 0.062 0.081
28 0.350 0.492 0.067 0.080
7 0.157 0.483 0.058 0.090
91 0.206 0.479 0.074 0.094
56 0.421 0.478 0.062 0.101
6 0.489 0.483 0.081 0.105
42 0.222 0.594 0.056 0.098
73 0.297 0.590 0.043 0.094
70 0.428 0.592 0.059 0.095
66 0.557 0.595 0.067 0.093
66 0.489 0.589 0.072 0.088
80 0.688 0.599 0.087 0.102
80 0.622 0.595 0.074 0.093
17 0.766 0.593 0.072 0.079
37 0.423 0.702 0.064 0.091
37 0.358 0.701 0.062 0.081
37 0.293 0.706 0.062 0.092
37 0.230 0.708 0.072 0.091
37 0.172 0.702 0.046 0.095
86 0.486 0.703 0.064 0.087
24 0.552 0.702 0.059 0.091
63 0.612 0.715 0.067 0.093
0 0.684 0.714 0.062 0.091
72 0.745 0.719 0.064 0.106
81 0.242 0.825 0.072 0.101
81 0.185 0.824 0.072 0.104
55 0.308 0.826 0.068 0.112
44 0.367 0.836 0.074 0.122
102 0.426 0.841 0.059 0.118
85 0.486 0.841 0.068 0.125
40 0.611 0.840 0.064 0.123
21 0.673 0.840 0.064 0.115
78 0.737 0.840 0.078 0.126
23 0.548 0.835 0.056 0.113
