97 0.207 0.177 0.150 0.113
26 0.342 0.174 0.140 0.107
94 0.451 0.198 0.071 0.043
31 0.545 0.200 0.068 0.046
41 0.543 0.089 0.072 0.092
84 0.850 0.137 0.172 0.150
5 0.205 0.300 0.114 0.110
16 0.357 0.300 0.137 0.118
27 0.667 0.296 0.156 0.126
54 0.828 0.294 0.142 0.127
1 0.198 0.554 0.059 0.102
74 0.395 0.564 0.065 0.109
46 0.320 0.445 0.064 0.103
28 0.390 0.447 0.062 0.093
7 0.191 0.436 0.061 0.097
91 0.246 0.433 0.067 0.111
56 0.465 0.435 0.085 0.119
6 0.541 0.442 0.082 0.116
42 0.268 0.557 0.061 0.103
73 0.340 0.562 0.046 0.105
70 0.479 0.570 0.090 0.116
66 0.623 0.573 0.068 0.101
66 0.556 0.567 0.075 0.091
80 0.784 0.592 0.090 0.113
80 0.702 0.581 0.101 0.106
17 0.876 0.586 0.084 0.095
37 0.488 0.691 0.072 0.090
37 0.350 0.682 0.064 0.089
37 0.272 0.679 0.075 0.093
37 0.218 0.671 0.059 0.097
79 0.416 0.687 0.064 0.080
86 0.547 0.702 0.075 0.094
24 0.625 0.704 0.069 0.091
63 0.699 0.715 0.075 0.104
0 0.779 0.725 0.084 0.103
72 0.860 0.736 0.087 0.126
81 0.292 0.808 0.085 0.107
81 0.238 0.800 0.080 0.099
55 0.361 0.819 0.080 0.115
44 0.418 0.826 0.087 0.136
102 0.484 0.835 0.078 0.129
85 0.546 0.840 0.075 0.126
40 0.692 0.864 0.078 0.132
21 0.763 0.871 0.077 0.127
78 0.840 0.882 0.091 0.135
23 0.617 0.858 0.084 0.144
