97 0.257 0.278 0.106 0.099
26 0.375 0.279 0.109 0.097
3 0.704 0.292 0.077 0.090
5 0.248 0.385 0.088 0.093
16 0.372 0.389 0.109 0.100
27 0.589 0.388 0.086 0.084
54 0.690 0.390 0.078 0.076
1 0.232 0.603 0.044 0.092
74 0.393 0.590 0.045 0.088
46 0.347 0.495 0.056 0.083
28 0.570 0.298 0.033 0.071
28 0.647 0.300 0.055 0.059
28 0.409 0.499 0.044 0.068
6 0.513 0.490 0.067 0.089
91 0.272 0.494 0.059 0.101
31 0.527 0.322 0.053 0.032
71 0.471 0.253 0.047 0.047
94 0.463 0.316 0.057 0.032
41 0.535 0.250 0.044 0.037
7 0.228 0.500 0.041 0.090
56 0.455 0.487 0.053 0.087
42 0.284 0.600 0.059 0.087
73 0.350 0.591 0.041 0.082
70 0.455 0.588 0.054 0.077
66 0.504 0.581 0.048 0.074
66 0.554 0.578 0.070 0.074
80 0.612 0.578 0.044 0.075
80 0.666 0.576 0.053 0.074
17 0.713 0.567 0.033 0.065
37 0.281 0.703 0.047 0.083
37 0.341 0.696 0.071 0.083
37 0.449 0.681 0.062 0.078
37 0.394 0.689 0.047 0.078
86 0.501 0.673 0.053 0.078
24 0.553 0.671 0.050 0.069
63 0.603 0.669 0.050 0.068
0 0.657 0.668 0.047 0.067
81 0.281 0.820 0.064 0.105
81 0.341 0.814 0.065 0.105
44 0.390 0.807 0.068 0.104
102 0.447 0.798 0.068 0.097
85 0.497 0.786 0.059 0.095
23 0.536 0.779 0.065 0.090
40 0.581 0.777 0.066 0.091
21 0.628 0.764 0.064 0.079
78 0.674 0.758 0.059 0.082
