74 0.268 0.104 0.078 0.207
42 0.073 0.104 0.086 0.207
73 0.195 0.101 0.050 0.201
70 0.384 0.113 0.103 0.224
66 0.500 0.113 0.084 0.221
66 0.591 0.108 0.086 0.216
80 0.702 0.108 0.099 0.214
80 0.819 0.108 0.128 0.216
17 0.942 0.091 0.106 0.181
37 0.396 0.401 0.079 0.264
37 0.215 0.425 0.062 0.220
37 0.048 0.416 0.073 0.213
37 0.298 0.425 0.091 0.220
86 0.492 0.414 0.088 0.250
24 0.584 0.413 0.093 0.247
63 0.679 0.434 0.089 0.239
0 0.789 0.434 0.086 0.243
72 0.888 0.431 0.103 0.277
81 0.073 0.733 0.085 0.284
81 0.163 0.748 0.075 0.289
81 0.242 0.741 0.092 0.284
44 0.318 0.741 0.086 0.284
102 0.405 0.746 0.079 0.300
85 0.489 0.745 0.083 0.296
23 0.571 0.748 0.083 0.293
40 0.652 0.751 0.085 0.300
21 0.745 0.758 0.105 0.310
78 0.835 0.764 0.096 0.310
