97 0.139 0.218 0.145 0.117
26 0.285 0.210 0.143 0.131
94 0.395 0.252 0.068 0.040
31 0.486 0.252 0.068 0.035
71 0.397 0.156 0.072 0.069
41 0.498 0.152 0.072 0.092
84 0.784 0.199 0.146 0.143
5 0.138 0.345 0.140 0.113
16 0.292 0.353 0.146 0.127
27 0.610 0.349 0.152 0.125
54 0.787 0.349 0.127 0.122
1 0.119 0.608 0.061 0.115
74 0.332 0.616 0.055 0.116
46 0.253 0.488 0.074 0.106
28 0.333 0.496 0.075 0.093
7 0.108 0.484 0.068 0.112
91 0.165 0.479 0.064 0.115
56 0.402 0.485 0.056 0.123
6 0.486 0.486 0.094 0.124
42 0.178 0.617 0.056 0.119
73 0.267 0.614 0.042 0.106
70 0.410 0.617 0.082 0.116
66 0.566 0.616 0.058 0.105
66 0.490 0.611 0.074 0.094
80 0.721 0.628 0.082 0.113
80 0.636 0.624 0.088 0.105
17 0.813 0.620 0.077 0.092
37 0.414 0.742 0.061 0.098
37 0.275 0.734 0.058 0.092
37 0.201 0.731 0.078 0.090
37 0.135 0.730 0.046 0.098
79 0.342 0.741 0.068 0.097
86 0.489 0.742 0.072 0.092
24 0.554 0.750 0.074 0.100
63 0.633 0.754 0.069 0.104
0 0.708 0.767 0.098 0.107
72 0.784 0.762 0.087 0.112
81 0.212 0.880 0.078 0.124
81 0.143 0.875 0.085 0.124
55 0.282 0.883 0.075 0.126
44 0.342 0.890 0.088 0.137
102 0.416 0.888 0.077 0.139
85 0.483 0.898 0.074 0.142
40 0.619 0.904 0.071 0.137
21 0.695 0.908 0.090 0.137
78 0.771 0.913 0.081 0.141
23 0.552 0.896 0.081 0.126
