97 0.213 0.211 0.122 0.096
26 0.341 0.215 0.106 0.094
28 0.554 0.230 0.038 0.076
28 0.645 0.232 0.041 0.073
16 0.346 0.325 0.126 0.101
27 0.591 0.323 0.103 0.087
54 0.694 0.325 0.097 0.090
7 0.206 0.431 0.049 0.078
91 0.253 0.429 0.056 0.086
28 0.384 0.435 0.049 0.065
56 0.441 0.422 0.056 0.091
6 0.496 0.427 0.064 0.093
1 0.204 0.532 0.070 0.092
42 0.268 0.531 0.055 0.086
73 0.335 0.528 0.050 0.090
74 0.378 0.528 0.049 0.082
70 0.443 0.525 0.064 0.086
66 0.493 0.523 0.050 0.082
66 0.549 0.522 0.070 0.079
80 0.613 0.524 0.056 0.083
80 0.669 0.523 0.059 0.077
17 0.722 0.520 0.041 0.064
37 0.210 0.637 0.055 0.084
37 0.270 0.637 0.062 0.084
37 0.332 0.633 0.059 0.079
79 0.390 0.630 0.057 0.081
86 0.497 0.620 0.053 0.082
81 0.217 0.747 0.064 0.105
81 0.278 0.744 0.056 0.103
55 0.333 0.743 0.061 0.102
44 0.389 0.744 0.057 0.108
85 0.492 0.735 0.059 0.108
23 0.543 0.731 0.070 0.100
40 0.599 0.728 0.048 0.102
21 0.650 0.724 0.059 0.098
78 0.692 0.724 0.059 0.100
71 0.443 0.178 0.059 0.056
41 0.514 0.176 0.043 0.059
94 0.440 0.251 0.059 0.034
31 0.504 0.255 0.067 0.037
5 0.217 0.319 0.114 0.093
46 0.323 0.427 0.059 0.071
36 0.474 0.333 0.095 0.070
84 0.703 0.219 0.086 0.095
24 0.554 0.624 0.050 0.080
63 0.602 0.620 0.048 0.077
0 0.660 0.618 0.056 0.072
72 0.711 0.618 0.055 0.074
