97 0.170 0.205 0.150 0.194
26 0.333 0.205 0.143 0.205
3 0.838 0.201 0.120 0.231
5 0.173 0.437 0.138 0.204
16 0.324 0.454 0.133 0.214
27 0.652 0.445 0.119 0.191
54 0.818 0.450 0.112 0.200
1 0.141 0.904 0.054 0.184
74 0.368 0.908 0.052 0.182
46 0.290 0.686 0.074 0.184
28 0.608 0.231 0.055 0.154
28 0.727 0.230 0.050 0.177
28 0.376 0.708 0.059 0.162
6 0.530 0.679 0.064 0.214
91 0.204 0.674 0.059 0.204
31 0.537 0.277 0.077 0.070
71 0.452 0.121 0.065 0.112
94 0.451 0.274 0.071 0.068
41 0.548 0.105 0.055 0.138
7 0.144 0.684 0.052 0.187
56 0.456 0.678 0.064 0.208
42 0.219 0.907 0.072 0.186
73 0.313 0.904 0.046 0.187
70 0.452 0.906 0.072 0.182
66 0.524 0.893 0.057 0.155
66 0.598 0.894 0.067 0.157
80 0.675 0.910 0.067 0.180
80 0.746 0.910 0.071 0.175
17 0.828 0.906 0.062 0.165
