97 0.211 0.270 0.120 0.091
26 0.344 0.267 0.118 0.104
28 0.579 0.280 0.065 0.075
28 0.667 0.278 0.054 0.081
16 0.346 0.384 0.121 0.106
27 0.601 0.380 0.109 0.098
54 0.741 0.376 0.095 0.092
7 0.200 0.491 0.047 0.081
91 0.250 0.490 0.062 0.093
28 0.389 0.497 0.070 0.068
56 0.446 0.486 0.057 0.099
6 0.512 0.486 0.062 0.095
1 0.204 0.594 0.055 0.094
42 0.266 0.593 0.059 0.089
73 0.341 0.591 0.036 0.093
74 0.388 0.595 0.047 0.093
70 0.453 0.595 0.059 0.096
66 0.518 0.588 0.059 0.083
66 0.575 0.589 0.054 0.082
80 0.637 0.591 0.066 0.086
80 0.697 0.591 0.057 0.085
17 0.768 0.595 0.060 0.077
37 0.220 0.693 0.050 0.079
37 0.281 0.697 0.061 0.080
37 0.343 0.697 0.053 0.081
79 0.397 0.695 0.050 0.080
37 0.457 0.695 0.051 0.083
86 0.512 0.696 0.056 0.087
81 0.224 0.815 0.054 0.106
81 0.285 0.815 0.062 0.104
55 0.343 0.815 0.059 0.109
44 0.399 0.815 0.062 0.110
102 0.456 0.816 0.053 0.110
85 0.513 0.819 0.057 0.112
23 0.573 0.820 0.057 0.110
40 0.628 0.820 0.051 0.113
21 0.681 0.817 0.062 0.106
78 0.740 0.824 0.056 0.116
71 0.455 0.231 0.047 0.053
94 0.449 0.301 0.053 0.034
31 0.512 0.304 0.062 0.037
41 0.520 0.223 0.047 0.066
5 0.214 0.379 0.108 0.088
46 0.321 0.495 0.051 0.074
36 0.463 0.388 0.094 0.076
84 0.742 0.266 0.110 0.102
24 0.571 0.698 0.056 0.086
63 0.630 0.697 0.045 0.083
72 0.757 0.704 0.064 0.092
