21 0.346 0.225 0.073 0.153
21 0.404 0.219 0.057 0.155
78 0.473 0.217 0.069 0.164
78 0.541 0.220 0.066 0.171
78 0.617 0.216 0.072 0.176
78 0.685 0.213 0.062 0.168
37 0.342 0.446 0.056 0.089
37 0.404 0.454 0.057 0.105
37 0.472 0.451 0.049 0.095
37 0.539 0.455 0.053 0.105
37 0.595 0.451 0.050 0.128
86 0.396 0.629 0.052 0.107
86 0.458 0.631 0.056 0.103
66 0.527 0.644 0.059 0.109
66 0.592 0.651 0.062 0.110
66 0.661 0.657 0.046 0.113
23 0.348 0.765 0.062 0.150
23 0.404 0.767 0.055 0.142
102 0.463 0.788 0.060 0.149
102 0.519 0.797 0.060 0.141
85 0.585 0.811 0.072 0.150
85 0.649 0.818 0.055 0.156
44 0.347 0.921 0.069 0.148
81 0.404 0.927 0.056 0.140
81 0.456 0.937 0.057 0.127
81 0.514 0.941 0.053 0.117
55 0.579 0.946 0.056 0.108
55 0.635 0.955 0.051 0.090
24 0.345 0.625 0.042 0.101
