26 0.144 0.076 0.142 0.144
3 0.694 0.076 0.148 0.150
16 0.150 0.246 0.166 0.135
27 0.494 0.245 0.144 0.135
54 0.697 0.244 0.144 0.134
74 0.207 0.545 0.059 0.120
46 0.106 0.406 0.088 0.113
28 0.196 0.413 0.056 0.104
28 0.427 0.098 0.059 0.126
28 0.585 0.092 0.066 0.126
6 0.376 0.400 0.077 0.139
91 0.027 0.397 0.053 0.121
31 0.360 0.132 0.079 0.052
71 0.264 0.027 0.063 0.053
94 0.265 0.134 0.070 0.051
41 0.365 0.027 0.066 0.053
56 0.290 0.396 0.065 0.141
42 0.061 0.540 0.071 0.119
73 0.146 0.544 0.053 0.122
70 0.295 0.546 0.079 0.127
66 0.392 0.542 0.094 0.106
66 0.465 0.541 0.066 0.105
80 0.537 0.554 0.094 0.122
80 0.622 0.555 0.079 0.118
17 0.716 0.550 0.089 0.105
37 0.301 0.684 0.067 0.117
37 0.158 0.680 0.059 0.115
37 0.082 0.672 0.086 0.111
37 0.021 0.673 0.041 0.105
37 0.226 0.678 0.079 0.110
86 0.381 0.685 0.076 0.117
24 0.461 0.692 0.076 0.129
63 0.538 0.691 0.071 0.125
72 0.697 0.706 0.083 0.123
81 0.101 0.823 0.080 0.135
81 0.040 0.818 0.080 0.130
81 0.183 0.822 0.070 0.121
44 0.242 0.825 0.061 0.127
102 0.313 0.833 0.079 0.138
85 0.382 0.836 0.071 0.130
23 0.456 0.838 0.065 0.130
40 0.533 0.841 0.076 0.134
21 0.603 0.843 0.080 0.134
78 0.679 0.851 0.076 0.145
