97 0.204 0.229 0.119 0.088
26 0.334 0.225 0.127 0.099
94 0.431 0.263 0.058 0.028
31 0.504 0.266 0.069 0.030
71 0.434 0.183 0.067 0.059
41 0.515 0.177 0.056 0.064
3 0.745 0.230 0.116 0.110
5 0.205 0.336 0.103 0.097
16 0.327 0.342 0.110 0.095
27 0.613 0.348 0.120 0.103
54 0.729 0.350 0.101 0.101
1 0.174 0.566 0.049 0.090
74 0.346 0.570 0.055 0.094
46 0.290 0.465 0.072 0.097
28 0.359 0.471 0.061 0.078
18 0.230 0.457 0.059 0.091
56 0.437 0.461 0.061 0.107
6 0.493 0.466 0.074 0.107
42 0.229 0.568 0.055 0.091
73 0.305 0.572 0.039 0.098
70 0.427 0.576 0.072 0.100
66 0.552 0.576 0.065 0.089
66 0.489 0.574 0.064 0.087
80 0.685 0.583 0.085 0.093
80 0.612 0.581 0.081 0.095
17 0.761 0.579 0.061 0.074
37 0.421 0.683 0.068 0.086
37 0.295 0.682 0.059 0.090
37 0.232 0.680 0.075 0.090
37 0.176 0.674 0.051 0.088
79 0.357 0.681 0.059 0.087
86 0.486 0.682 0.071 0.087
24 0.541 0.684 0.058 0.081
0 0.681 0.698 0.071 0.092
81 0.172 0.798 0.072 0.116
55 0.235 0.800 0.078 0.103
35 0.356 0.810 0.090 0.116
102 0.419 0.810 0.065 0.110
85 0.475 0.817 0.075 0.117
21 0.665 0.819 0.080 0.115
19 0.293 0.803 0.065 0.114
100 0.606 0.692 0.069 0.098
47 0.740 0.697 0.065 0.102
23 0.538 0.814 0.065 0.113
