97 0.176 0.233 0.136 0.174
26 0.311 0.228 0.113 0.177
3 0.747 0.202 0.111 0.207
5 0.183 0.427 0.113 0.170
16 0.317 0.432 0.120 0.172
27 0.579 0.424 0.123 0.167
54 0.730 0.424 0.112 0.180
1 0.171 0.819 0.057 0.154
74 0.358 0.818 0.047 0.167
46 0.288 0.633 0.062 0.161
28 0.537 0.240 0.050 0.151
28 0.640 0.236 0.064 0.144
28 0.361 0.637 0.068 0.149
6 0.490 0.623 0.062 0.177
91 0.216 0.626 0.047 0.171
31 0.484 0.280 0.065 0.059
71 0.409 0.141 0.052 0.103
94 0.410 0.282 0.061 0.066
41 0.489 0.126 0.052 0.125
7 0.166 0.630 0.047 0.158
56 0.430 0.626 0.055 0.175
42 0.235 0.815 0.056 0.161
73 0.309 0.817 0.039 0.155
70 0.433 0.816 0.058 0.165
66 0.492 0.803 0.054 0.142
66 0.552 0.805 0.053 0.144
80 0.617 0.813 0.069 0.162
80 0.684 0.811 0.066 0.155
17 0.759 0.809 0.066 0.138
