97 0.216 0.264 0.135 0.193
26 0.362 0.246 0.125 0.217
28 0.613 0.279 0.044 0.162
28 0.731 0.278 0.050 0.149
16 0.354 0.483 0.130 0.190
27 0.656 0.484 0.125 0.185
54 0.804 0.482 0.102 0.181
7 0.184 0.705 0.055 0.171
91 0.247 0.702 0.056 0.187
28 0.394 0.725 0.048 0.167
56 0.477 0.705 0.059 0.204
6 0.549 0.705 0.065 0.204
1 0.188 0.912 0.063 0.176
42 0.266 0.912 0.055 0.165
73 0.346 0.916 0.035 0.169
74 0.391 0.913 0.044 0.173
70 0.477 0.916 0.067 0.168
66 0.545 0.910 0.059 0.152
66 0.614 0.909 0.067 0.149
80 0.692 0.915 0.057 0.157
80 0.754 0.917 0.073 0.164
17 0.838 0.913 0.060 0.147
71 0.474 0.176 0.059 0.103
41 0.560 0.167 0.053 0.126
94 0.469 0.335 0.067 0.068
31 0.552 0.332 0.069 0.065
5 0.198 0.479 0.111 0.184
46 0.323 0.715 0.071 0.158
3 0.828 0.249 0.099 0.218
