97 0.198 0.255 0.152 0.111
26 0.346 0.251 0.130 0.120
94 0.447 0.293 0.068 0.042
31 0.536 0.295 0.065 0.042
71 0.447 0.199 0.071 0.071
41 0.547 0.184 0.072 0.090
84 0.864 0.241 0.177 0.166
5 0.203 0.384 0.122 0.103
16 0.350 0.390 0.149 0.114
27 0.667 0.396 0.159 0.124
54 0.829 0.404 0.132 0.119
1 0.186 0.633 0.065 0.098
74 0.372 0.652 0.058 0.105
46 0.301 0.528 0.067 0.102
28 0.382 0.538 0.062 0.079
7 0.180 0.516 0.051 0.104
91 0.235 0.512 0.052 0.109
56 0.445 0.524 0.074 0.116
6 0.529 0.532 0.077 0.111
42 0.238 0.636 0.056 0.097
73 0.323 0.646 0.043 0.103
70 0.464 0.660 0.085 0.105
66 0.536 0.662 0.078 0.089
66 0.614 0.662 0.071 0.098
80 0.764 0.691 0.093 0.104
80 0.679 0.684 0.078 0.111
37 0.463 0.771 0.061 0.088
37 0.339 0.764 0.064 0.086
37 0.265 0.751 0.072 0.079
37 0.206 0.746 0.056 0.082
79 0.395 0.768 0.065 0.088
86 0.530 0.785 0.072 0.082
24 0.603 0.796 0.074 0.093
63 0.673 0.807 0.078 0.090
0 0.761 0.830 0.077 0.099
72 0.837 0.838 0.088 0.113
81 0.269 0.885 0.078 0.116
81 0.206 0.872 0.080 0.102
55 0.337 0.897 0.081 0.118
44 0.400 0.907 0.078 0.114
102 0.456 0.918 0.081 0.122
85 0.525 0.926 0.072 0.126
40 0.665 0.945 0.082 0.110
21 0.746 0.951 0.068 0.098
78 0.822 0.957 0.080 0.086
23 0.592 0.939 0.075 0.119
