6 0.677 0.152 0.082 0.109
73 0.752 0.325 0.054 0.078
4 0.684 0.320 0.059 0.090
65 0.532 0.320 0.077 0.084
54 0.458 0.319 0.071 0.086
1 0.383 0.308 0.065 0.109
28 0.319 0.321 0.064 0.080
12 0.259 0.318 0.065 0.086
23 0.674 0.475 0.071 0.142
60 0.604 0.476 0.081 0.140
47 0.472 0.472 0.078 0.139
78 0.405 0.474 0.080 0.131
21 0.340 0.471 0.080 0.128
21 0.273 0.468 0.077 0.124
37 0.724 0.670 0.068 0.093
37 0.661 0.667 0.071 0.092
37 0.596 0.664 0.061 0.090
9 0.533 0.632 0.078 0.138
44 0.470 0.631 0.069 0.128
85 0.407 0.633 0.075 0.127
102 0.345 0.627 0.068 0.127
102 0.291 0.623 0.075 0.124
55 0.659 0.792 0.069 0.120
55 0.532 0.784 0.077 0.117
81 0.471 0.783 0.074 0.118
81 0.411 0.779 0.064 0.114
81 0.350 0.773 0.072 0.113
13 0.290 0.773 0.069 0.115
15 0.285 0.148 0.103 0.132
58 0.738 0.475 0.067 0.137
11 0.609 0.321 0.075 0.087
75 0.450 0.167 0.058 0.085
62 0.401 0.164 0.041 0.088
51 0.714 0.797 0.065 0.123
67 0.538 0.477 0.074 0.135
