1 0.092 0.122 0.083 0.235
42 0.183 0.129 0.091 0.211
73 0.273 0.128 0.066 0.231
74 0.343 0.133 0.065 0.257
70 0.443 0.148 0.087 0.230
66 0.526 0.166 0.077 0.196
66 0.601 0.182 0.073 0.189
80 0.690 0.154 0.076 0.225
80 0.780 0.183 0.094 0.240
17 0.857 0.174 0.058 0.177
37 0.123 0.413 0.061 0.181
37 0.195 0.424 0.077 0.193
37 0.280 0.427 0.063 0.198
79 0.355 0.430 0.076 0.186
37 0.435 0.415 0.073 0.226
86 0.510 0.431 0.069 0.197
81 0.126 0.696 0.094 0.286
81 0.210 0.695 0.084 0.275
55 0.282 0.693 0.070 0.259
44 0.358 0.700 0.081 0.282
102 0.429 0.706 0.063 0.271
85 0.502 0.702 0.065 0.274
23 0.570 0.707 0.077 0.270
40 0.640 0.714 0.074 0.274
21 0.714 0.713 0.081 0.266
78 0.783 0.720 0.069 0.268
24 0.584 0.428 0.064 0.194
63 0.659 0.447 0.056 0.174
0 0.745 0.452 0.066 0.190
72 0.824 0.451 0.073 0.197
