1 0.110 0.098 0.089 0.196
42 0.204 0.099 0.091 0.197
73 0.319 0.100 0.041 0.200
74 0.373 0.100 0.063 0.200
70 0.473 0.102 0.089 0.203
66 0.561 0.097 0.078 0.194
66 0.642 0.096 0.079 0.191
80 0.745 0.096 0.089 0.191
80 0.829 0.098 0.096 0.196
17 0.931 0.086 0.094 0.171
37 0.169 0.355 0.059 0.188
37 0.241 0.359 0.075 0.185
37 0.326 0.352 0.058 0.182
79 0.402 0.347 0.075 0.175
37 0.480 0.341 0.068 0.201
86 0.553 0.338 0.073 0.195
81 0.211 0.605 0.064 0.218
81 0.281 0.610 0.064 0.224
55 0.347 0.606 0.065 0.217
44 0.412 0.610 0.064 0.221
102 0.481 0.614 0.067 0.233
85 0.550 0.613 0.062 0.234
23 0.617 0.618 0.073 0.231
40 0.680 0.613 0.061 0.218
21 0.751 0.614 0.081 0.221
78 0.819 0.613 0.062 0.224
24 0.635 0.355 0.077 0.210
63 0.711 0.374 0.057 0.187
0 0.797 0.374 0.073 0.175
72 0.878 0.367 0.062 0.210
