80 0.544 0.188 0.072 0.105
24 0.619 0.197 0.062 0.095
24 0.694 0.196 0.059 0.090
80 0.468 0.191 0.074 0.099
80 0.391 0.189 0.067 0.100
17 0.321 0.181 0.074 0.091
66 0.677 0.375 0.058 0.109
66 0.614 0.372 0.067 0.106
37 0.544 0.370 0.077 0.106
37 0.468 0.370 0.074 0.109
37 0.399 0.370 0.065 0.106
37 0.326 0.372 0.078 0.104
37 0.256 0.372 0.056 0.104
55 0.671 0.520 0.062 0.137
81 0.606 0.517 0.062 0.142
81 0.533 0.515 0.067 0.140
81 0.468 0.516 0.072 0.145
86 0.400 0.539 0.064 0.103
86 0.331 0.541 0.074 0.107
86 0.264 0.543 0.064 0.107
78 0.737 0.687 0.062 0.130
78 0.671 0.684 0.056 0.133
78 0.601 0.685 0.071 0.132
21 0.475 0.681 0.069 0.135
21 0.402 0.682 0.078 0.131
23 0.332 0.685 0.071 0.130
23 0.274 0.682 0.071 0.128
55 0.741 0.519 0.061 0.144
44 0.727 0.836 0.054 0.116
44 0.670 0.836 0.064 0.120
85 0.601 0.842 0.062 0.125
85 0.533 0.838 0.064 0.118
85 0.470 0.840 0.061 0.120
102 0.407 0.838 0.064 0.119
102 0.343 0.836 0.064 0.119
102 0.276 0.837 0.068 0.123
63 0.761 0.200 0.052 0.080
