97 0.132 0.285 0.133 0.085
26 0.240 0.278 0.120 0.091
94 0.324 0.311 0.055 0.034
31 0.387 0.315 0.055 0.030
71 0.333 0.241 0.055 0.052
41 0.403 0.235 0.054 0.066
84 0.604 0.287 0.110 0.105
5 0.131 0.379 0.100 0.088
16 0.246 0.384 0.127 0.086
27 0.479 0.390 0.127 0.095
54 0.604 0.396 0.093 0.099
1 0.089 0.585 0.051 0.088
74 0.256 0.598 0.061 0.088
46 0.201 0.494 0.059 0.080
28 0.264 0.501 0.056 0.066
7 0.092 0.486 0.062 0.082
91 0.147 0.481 0.059 0.087
56 0.326 0.494 0.061 0.094
6 0.384 0.500 0.068 0.094
42 0.146 0.590 0.046 0.084
73 0.211 0.593 0.030 0.081
70 0.321 0.606 0.056 0.089
66 0.384 0.603 0.081 0.081
66 0.440 0.608 0.061 0.081
80 0.493 0.618 0.071 0.087
80 0.559 0.625 0.071 0.090
37 0.107 0.687 0.058 0.081
37 0.156 0.688 0.080 0.087
37 0.214 0.697 0.068 0.085
37 0.319 0.710 0.064 0.090
79 0.261 0.704 0.067 0.086
86 0.378 0.716 0.061 0.090
24 0.429 0.722 0.062 0.088
63 0.485 0.733 0.072 0.092
0 0.551 0.737 0.062 0.095
0 0.557 0.744 0.061 0.088
81 0.150 0.811 0.077 0.106
81 0.094 0.805 0.077 0.109
55 0.204 0.818 0.069 0.101
44 0.259 0.830 0.080 0.106
102 0.314 0.834 0.074 0.110
85 0.367 0.842 0.080 0.111
40 0.479 0.859 0.075 0.118
21 0.544 0.866 0.067 0.117
23 0.424 0.850 0.067 0.110
