37 0.069 0.302 0.094 0.233
37 0.262 0.304 0.073 0.226
37 0.451 0.303 0.094 0.254
37 0.355 0.315 0.083 0.218
86 0.549 0.316 0.092 0.243
24 0.649 0.317 0.087 0.243
63 0.740 0.341 0.081 0.218
0 0.838 0.338 0.089 0.223
72 0.936 0.358 0.100 0.197
81 0.096 0.636 0.097 0.335
81 0.192 0.636 0.097 0.335
55 0.286 0.636 0.078 0.307
44 0.366 0.638 0.077 0.323
102 0.448 0.649 0.082 0.315
85 0.539 0.654 0.077 0.329
23 0.624 0.655 0.093 0.326
40 0.712 0.657 0.082 0.316
21 0.796 0.657 0.098 0.313
78 0.882 0.667 0.094 0.315
