97 0.180 0.178 0.140 0.107
97 0.322 0.177 0.135 0.101
26 0.465 0.170 0.136 0.116
84 0.811 0.147 0.146 0.140
5 0.165 0.300 0.130 0.109
27 0.614 0.301 0.148 0.122
54 0.795 0.300 0.132 0.123
1 0.150 0.427 0.082 0.105
74 0.211 0.429 0.056 0.110
28 0.348 0.446 0.067 0.090
91 0.485 0.439 0.069 0.114
6 0.413 0.438 0.072 0.117
73 0.293 0.434 0.048 0.114
70 0.648 0.589 0.082 0.131
66 0.178 0.554 0.074 0.097
80 0.713 0.596 0.082 0.109
80 0.803 0.605 0.075 0.113
17 0.562 0.577 0.071 0.085
37 0.171 0.710 0.067 0.093
37 0.230 0.715 0.077 0.100
37 0.307 0.714 0.058 0.100
37 0.375 0.711 0.081 0.112
37 0.434 0.714 0.077 0.113
24 0.497 0.730 0.075 0.110
63 0.355 0.572 0.065 0.098
0 0.490 0.580 0.080 0.106
72 0.425 0.575 0.071 0.112
81 0.233 0.854 0.075 0.120
81 0.167 0.845 0.088 0.114
55 0.291 0.862 0.064 0.117
44 0.362 0.870 0.090 0.124
102 0.431 0.875 0.094 0.115
85 0.562 0.896 0.084 0.128
85 0.492 0.890 0.069 0.128
40 0.704 0.920 0.077 0.141
21 0.646 0.736 0.094 0.129
21 0.570 0.732 0.074 0.132
78 0.721 0.748 0.081 0.135
78 0.789 0.754 0.074 0.146
78 0.776 0.930 0.074 0.138
23 0.629 0.905 0.082 0.128
