97 0.102 0.228 0.168 0.236
26 0.290 0.225 0.168 0.241
3 0.886 0.210 0.162 0.260
5 0.087 0.503 0.171 0.241
16 0.288 0.514 0.162 0.254
27 0.667 0.516 0.158 0.227
54 0.860 0.513 0.154 0.243
46 0.249 0.786 0.086 0.218
28 0.618 0.247 0.064 0.228
28 0.762 0.251 0.087 0.213
28 0.346 0.806 0.087 0.211
6 0.530 0.792 0.091 0.257
91 0.141 0.786 0.061 0.244
31 0.537 0.312 0.094 0.086
71 0.432 0.110 0.085 0.138
94 0.429 0.308 0.093 0.083
41 0.554 0.098 0.072 0.170
7 0.067 0.792 0.069 0.228
56 0.436 0.791 0.091 0.244
