97 0.214 0.220 0.094 0.063
26 0.325 0.221 0.129 0.068
94 0.409 0.243 0.051 0.028
31 0.476 0.243 0.056 0.027
71 0.408 0.178 0.055 0.043
41 0.482 0.175 0.046 0.054
84 0.688 0.211 0.114 0.095
5 0.211 0.309 0.091 0.082
16 0.316 0.315 0.107 0.079
27 0.557 0.313 0.107 0.084
54 0.674 0.311 0.098 0.086
74 0.348 0.521 0.039 0.099
46 0.286 0.420 0.056 0.081
28 0.353 0.422 0.054 0.069
91 0.214 0.417 0.052 0.081
56 0.413 0.417 0.055 0.089
6 0.471 0.425 0.059 0.086
42 0.224 0.520 0.048 0.089
73 0.298 0.526 0.032 0.089
70 0.412 0.524 0.077 0.097
66 0.528 0.526 0.051 0.080
66 0.472 0.524 0.058 0.082
80 0.650 0.526 0.067 0.088
80 0.590 0.524 0.068 0.089
17 0.716 0.520 0.056 0.069
37 0.226 0.638 0.069 0.086
37 0.287 0.638 0.055 0.082
37 0.410 0.632 0.054 0.100
79 0.350 0.639 0.051 0.077
86 0.466 0.634 0.055 0.090
24 0.525 0.635 0.061 0.091
63 0.585 0.640 0.061 0.087
0 0.648 0.644 0.058 0.085
72 0.712 0.638 0.067 0.085
81 0.223 0.761 0.067 0.126
81 0.167 0.755 0.064 0.120
55 0.285 0.764 0.059 0.126
44 0.343 0.766 0.064 0.128
102 0.407 0.765 0.055 0.131
85 0.466 0.759 0.058 0.120
40 0.578 0.764 0.059 0.125
21 0.638 0.763 0.067 0.115
78 0.701 0.761 0.061 0.127
23 0.521 0.763 0.052 0.124
