97 0.202 0.236 0.135 0.122
26 0.357 0.246 0.132 0.103
28 0.604 0.252 0.040 0.091
28 0.713 0.254 0.055 0.092
16 0.349 0.370 0.128 0.106
27 0.649 0.368 0.121 0.105
54 0.787 0.371 0.091 0.096
7 0.171 0.499 0.056 0.094
91 0.238 0.489 0.065 0.105
28 0.394 0.500 0.065 0.080
56 0.470 0.493 0.066 0.110
6 0.536 0.493 0.065 0.112
1 0.182 0.613 0.069 0.102
42 0.256 0.614 0.060 0.101
73 0.329 0.609 0.056 0.096
74 0.384 0.608 0.052 0.097
70 0.464 0.607 0.068 0.095
66 0.530 0.601 0.059 0.084
66 0.595 0.600 0.063 0.081
80 0.673 0.608 0.060 0.098
80 0.739 0.607 0.069 0.094
17 0.805 0.605 0.052 0.086
37 0.200 0.723 0.057 0.087
37 0.262 0.726 0.063 0.088
37 0.335 0.723 0.062 0.094
79 0.402 0.724 0.062 0.092
37 0.462 0.718 0.060 0.084
86 0.525 0.717 0.066 0.084
81 0.207 0.860 0.065 0.126
81 0.270 0.857 0.062 0.122
55 0.331 0.851 0.066 0.117
44 0.398 0.847 0.065 0.114
102 0.464 0.851 0.062 0.127
85 0.524 0.847 0.066 0.116
23 0.582 0.846 0.068 0.117
40 0.641 0.845 0.060 0.113
21 0.706 0.842 0.072 0.116
78 0.762 0.843 0.069 0.115
71 0.473 0.196 0.068 0.064
41 0.557 0.190 0.056 0.071
94 0.458 0.281 0.064 0.040
31 0.543 0.282 0.067 0.037
57 0.501 0.377 0.121 0.085
5 0.197 0.366 0.115 0.099
46 0.317 0.499 0.074 0.099
24 0.589 0.715 0.056 0.079
63 0.651 0.719 0.047 0.092
72 0.784 0.716 0.070 0.093
84 0.806 0.233 0.100 0.136
