97 0.200 0.185 0.138 0.104
26 0.353 0.190 0.138 0.102
28 0.597 0.195 0.044 0.084
28 0.696 0.194 0.073 0.094
16 0.350 0.305 0.120 0.113
27 0.649 0.306 0.112 0.102
54 0.778 0.309 0.107 0.109
7 0.185 0.430 0.054 0.092
91 0.235 0.425 0.059 0.101
28 0.385 0.434 0.065 0.078
56 0.455 0.423 0.057 0.100
6 0.526 0.429 0.074 0.116
1 0.188 0.538 0.056 0.099
42 0.241 0.537 0.049 0.098
73 0.338 0.537 0.042 0.094
74 0.378 0.540 0.039 0.095
70 0.456 0.540 0.068 0.098
66 0.522 0.534 0.061 0.086
66 0.582 0.536 0.060 0.086
80 0.651 0.539 0.071 0.093
80 0.722 0.541 0.071 0.102
17 0.790 0.542 0.056 0.082
37 0.200 0.643 0.051 0.086
37 0.267 0.643 0.059 0.087
37 0.328 0.643 0.050 0.091
79 0.402 0.641 0.049 0.082
37 0.449 0.645 0.057 0.090
86 0.514 0.643 0.057 0.083
81 0.207 0.770 0.057 0.113
81 0.269 0.770 0.066 0.110
55 0.330 0.769 0.060 0.109
44 0.390 0.769 0.064 0.116
102 0.449 0.770 0.056 0.109
85 0.505 0.770 0.064 0.111
23 0.563 0.772 0.054 0.114
40 0.624 0.773 0.068 0.117
21 0.684 0.770 0.065 0.114
78 0.749 0.774 0.064 0.118
71 0.462 0.134 0.056 0.067
41 0.549 0.129 0.055 0.081
94 0.457 0.220 0.060 0.038
31 0.532 0.220 0.068 0.038
36 0.491 0.315 0.098 0.089
46 0.309 0.427 0.071 0.092
5 0.194 0.300 0.121 0.108
24 0.574 0.647 0.053 0.084
63 0.635 0.647 0.055 0.082
72 0.765 0.654 0.062 0.099
0 0.703 0.654 0.056 0.092
84 0.782 0.175 0.115 0.124
