97 0.198 0.184 0.107 0.098
26 0.314 0.181 0.119 0.103
94 0.406 0.215 0.056 0.031
31 0.471 0.217 0.062 0.031
71 0.402 0.140 0.071 0.060
41 0.480 0.133 0.048 0.063
3 0.698 0.179 0.114 0.106
5 0.202 0.292 0.082 0.092
16 0.312 0.292 0.114 0.095
27 0.574 0.293 0.126 0.099
54 0.700 0.297 0.091 0.090
74 0.350 0.505 0.062 0.091
46 0.287 0.405 0.062 0.088
28 0.350 0.412 0.056 0.073
18 0.219 0.398 0.062 0.091
56 0.422 0.401 0.045 0.093
6 0.475 0.403 0.067 0.097
42 0.232 0.505 0.055 0.085
73 0.306 0.504 0.039 0.088
70 0.414 0.509 0.058 0.090
66 0.531 0.503 0.061 0.079
66 0.471 0.498 0.068 0.085
80 0.653 0.506 0.064 0.084
80 0.591 0.506 0.058 0.082
17 0.721 0.506 0.068 0.076
37 0.422 0.604 0.054 0.078
37 0.303 0.605 0.051 0.084
37 0.246 0.604 0.058 0.081
79 0.361 0.606 0.059 0.076
86 0.472 0.606 0.058 0.073
24 0.532 0.606 0.054 0.084
0 0.647 0.608 0.067 0.077
81 0.193 0.715 0.067 0.105
55 0.249 0.720 0.061 0.097
102 0.421 0.720 0.062 0.101
85 0.470 0.716 0.054 0.095
21 0.638 0.725 0.061 0.106
78 0.690 0.721 0.064 0.104
35 0.361 0.723 0.062 0.107
19 0.304 0.719 0.061 0.105
90 0.580 0.722 0.058 0.110
100 0.586 0.611 0.064 0.090
47 0.708 0.613 0.059 0.088
23 0.525 0.721 0.059 0.111
