97 0.367 0.412 0.144 0.115
26 0.534 0.405 0.139 0.124
5 0.356 0.546 0.132 0.107
16 0.539 0.544 0.136 0.112
27 0.871 0.537 0.136 0.107
1 0.340 0.808 0.073 0.115
74 0.562 0.808 0.059 0.110
46 0.487 0.673 0.091 0.110
28 0.824 0.422 0.051 0.106
28 0.938 0.419 0.076 0.099
28 0.572 0.685 0.067 0.101
6 0.736 0.676 0.083 0.127
91 0.400 0.677 0.059 0.119
31 0.750 0.445 0.079 0.043
71 0.666 0.361 0.085 0.057
94 0.660 0.448 0.074 0.042
41 0.765 0.360 0.065 0.057
7 0.338 0.681 0.053 0.111
56 0.653 0.673 0.070 0.119
42 0.402 0.809 0.073 0.115
73 0.516 0.800 0.051 0.110
70 0.654 0.802 0.073 0.111
66 0.730 0.790 0.065 0.085
66 0.800 0.793 0.068 0.086
80 0.878 0.797 0.074 0.103
80 0.961 0.797 0.077 0.105
37 0.347 0.933 0.071 0.097
37 0.427 0.928 0.068 0.093
37 0.501 0.929 0.070 0.095
37 0.649 0.923 0.073 0.095
37 0.575 0.918 0.064 0.080
86 0.719 0.919 0.061 0.095
24 0.799 0.922 0.070 0.096
63 0.866 0.923 0.071 0.105
0 0.952 0.930 0.074 0.102
