97 0.250 0.242 0.109 0.088
26 0.360 0.242 0.120 0.090
94 0.457 0.268 0.059 0.033
31 0.528 0.270 0.061 0.030
71 0.458 0.194 0.065 0.056
41 0.533 0.192 0.056 0.061
84 0.771 0.231 0.113 0.110
5 0.235 0.347 0.090 0.090
16 0.368 0.352 0.113 0.103
27 0.627 0.344 0.114 0.097
54 0.747 0.346 0.095 0.099
74 0.390 0.569 0.065 0.101
46 0.331 0.463 0.065 0.086
28 0.402 0.469 0.061 0.076
91 0.266 0.462 0.059 0.089
56 0.465 0.459 0.054 0.099
6 0.527 0.460 0.067 0.093
42 0.271 0.571 0.058 0.098
73 0.349 0.569 0.041 0.105
70 0.465 0.573 0.067 0.097
66 0.584 0.570 0.056 0.087
66 0.528 0.565 0.056 0.092
80 0.724 0.572 0.080 0.099
80 0.654 0.571 0.056 0.100
17 0.794 0.567 0.059 0.077
37 0.465 0.682 0.056 0.093
37 0.340 0.686 0.059 0.095
37 0.278 0.680 0.058 0.092
79 0.403 0.683 0.059 0.088
86 0.526 0.683 0.062 0.091
24 0.588 0.685 0.048 0.092
63 0.651 0.685 0.059 0.095
0 0.721 0.692 0.061 0.092
72 0.779 0.689 0.082 0.098
81 0.280 0.813 0.065 0.113
81 0.214 0.811 0.061 0.117
55 0.339 0.812 0.072 0.123
44 0.400 0.822 0.069 0.124
102 0.464 0.819 0.068 0.119
85 0.522 0.819 0.062 0.127
40 0.643 0.821 0.064 0.127
21 0.706 0.820 0.069 0.129
78 0.771 0.822 0.068 0.119
23 0.583 0.818 0.068 0.129
