97 0.236 0.369 0.124 0.179
101 0.406 0.338 0.069 0.233
7 0.652 0.374 0.085 0.175
82 0.729 0.379 0.069 0.162
73 0.732 0.671 0.061 0.178
4 0.655 0.679 0.072 0.171
65 0.567 0.674 0.073 0.168
91 0.494 0.652 0.071 0.204
54 0.413 0.655 0.071 0.156
1 0.342 0.636 0.054 0.192
28 0.272 0.658 0.055 0.143
12 0.210 0.641 0.065 0.150
20 0.727 0.920 0.067 0.161
60 0.656 0.896 0.067 0.187
60 0.578 0.903 0.073 0.194
93 0.504 0.897 0.079 0.206
47 0.435 0.894 0.068 0.213
78 0.372 0.894 0.065 0.213
21 0.301 0.887 0.086 0.223
21 0.226 0.883 0.090 0.221
53 0.529 0.392 0.101 0.150
