97 0.172 0.186 0.200 0.148
101 0.317 0.173 0.103 0.171
101 0.402 0.178 0.076 0.168
82 0.711 0.214 0.062 0.089
12 0.154 0.395 0.089 0.120
28 0.243 0.398 0.080 0.110
1 0.321 0.378 0.101 0.130
54 0.422 0.385 0.070 0.109
91 0.493 0.378 0.075 0.123
65 0.566 0.379 0.073 0.100
4 0.651 0.379 0.045 0.097
73 0.716 0.374 0.060 0.096
21 0.177 0.569 0.101 0.180
21 0.259 0.560 0.092 0.171
78 0.343 0.554 0.079 0.170
47 0.423 0.542 0.086 0.161
93 0.498 0.535 0.078 0.156
60 0.562 0.525 0.082 0.151
60 0.626 0.516 0.080 0.140
102 0.199 0.767 0.083 0.169
102 0.279 0.750 0.085 0.163
85 0.358 0.740 0.080 0.163
85 0.429 0.724 0.078 0.152
9 0.495 0.711 0.083 0.143
37 0.565 0.721 0.065 0.097
37 0.621 0.708 0.066 0.093
37 0.677 0.698 0.065 0.093
81 0.223 0.940 0.074 0.119
81 0.298 0.931 0.078 0.137
55 0.368 0.916 0.070 0.135
55 0.437 0.896 0.079 0.130
13 0.498 0.882 0.070 0.125
59 0.557 0.865 0.073 0.119
44 0.617 0.850 0.080 0.120
64 0.522 0.207 0.121 0.108
