97 0.288 0.182 0.098 0.154
26 0.401 0.169 0.095 0.188
3 0.786 0.179 0.110 0.167
5 0.283 0.360 0.089 0.142
16 0.403 0.367 0.108 0.158
27 0.644 0.366 0.096 0.149
54 0.776 0.362 0.086 0.162
1 0.285 0.690 0.052 0.131
74 0.443 0.695 0.040 0.141
46 0.386 0.539 0.060 0.132
28 0.615 0.198 0.032 0.131
28 0.703 0.190 0.043 0.138
28 0.444 0.547 0.046 0.114
6 0.561 0.536 0.059 0.155
91 0.322 0.527 0.038 0.142
31 0.561 0.237 0.057 0.065
71 0.501 0.110 0.048 0.093
94 0.496 0.237 0.051 0.062
41 0.572 0.110 0.042 0.088
7 0.281 0.544 0.040 0.135
56 0.505 0.532 0.041 0.152
42 0.340 0.694 0.047 0.128
73 0.409 0.695 0.026 0.138
70 0.503 0.695 0.044 0.128
66 0.556 0.689 0.045 0.124
66 0.608 0.689 0.052 0.112
80 0.671 0.700 0.048 0.129
80 0.722 0.699 0.052 0.132
17 0.780 0.695 0.048 0.116
37 0.301 0.833 0.038 0.116
37 0.348 0.839 0.052 0.122
37 0.402 0.836 0.042 0.114
37 0.504 0.837 0.043 0.118
37 0.451 0.835 0.048 0.099
86 0.551 0.837 0.048 0.109
24 0.607 0.840 0.048 0.106
63 0.655 0.855 0.052 0.135
0 0.708 0.850 0.060 0.125
72 0.764 0.857 0.055 0.138
