97 0.175 0.223 0.098 0.099
26 0.310 0.219 0.124 0.089
94 0.411 0.252 0.064 0.037
31 0.487 0.251 0.065 0.037
71 0.410 0.167 0.064 0.064
41 0.496 0.164 0.056 0.079
84 0.716 0.213 0.113 0.104
5 0.183 0.338 0.090 0.102
16 0.316 0.336 0.120 0.110
27 0.582 0.333 0.116 0.101
54 0.707 0.331 0.100 0.091
74 0.351 0.567 0.045 0.098
46 0.284 0.458 0.069 0.088
28 0.358 0.460 0.061 0.082
91 0.208 0.455 0.062 0.105
56 0.432 0.451 0.051 0.103
6 0.489 0.451 0.068 0.103
42 0.231 0.571 0.048 0.095
73 0.310 0.568 0.038 0.102
70 0.432 0.563 0.062 0.103
66 0.546 0.555 0.062 0.085
66 0.492 0.554 0.061 0.086
80 0.688 0.556 0.072 0.099
80 0.620 0.556 0.061 0.094
17 0.755 0.548 0.056 0.077
37 0.433 0.668 0.049 0.086
37 0.309 0.676 0.054 0.090
37 0.235 0.685 0.065 0.098
79 0.371 0.673 0.049 0.082
86 0.491 0.671 0.056 0.092
24 0.556 0.668 0.058 0.090
63 0.620 0.665 0.055 0.092
0 0.683 0.665 0.061 0.089
72 0.745 0.667 0.059 0.090
81 0.252 0.806 0.058 0.109
81 0.188 0.810 0.072 0.111
55 0.315 0.802 0.068 0.117
44 0.376 0.800 0.059 0.117
102 0.442 0.799 0.056 0.124
85 0.491 0.797 0.051 0.117
40 0.612 0.788 0.059 0.115
21 0.677 0.785 0.059 0.106
78 0.727 0.783 0.056 0.118
23 0.549 0.793 0.064 0.116
