16 0.220 0.067 0.138 0.111
27 0.542 0.065 0.138 0.127
54 0.714 0.062 0.127 0.120
1 0.029 0.217 0.057 0.124
74 0.109 0.212 0.082 0.123
73 0.209 0.215 0.048 0.112
28 0.265 0.233 0.064 0.085
6 0.341 0.213 0.077 0.125
91 0.411 0.218 0.062 0.118
80 0.644 0.369 0.076 0.125
80 0.727 0.367 0.077 0.113
70 0.577 0.362 0.071 0.127
17 0.495 0.368 0.085 0.108
86 0.215 0.367 0.057 0.105
78 0.725 0.523 0.083 0.137
78 0.650 0.515 0.068 0.141
21 0.576 0.519 0.076 0.138
21 0.507 0.517 0.074 0.148
37 0.366 0.523 0.057 0.109
37 0.296 0.526 0.074 0.108
37 0.232 0.529 0.050 0.099
37 0.162 0.531 0.091 0.095
37 0.094 0.529 0.055 0.093
78 0.711 0.688 0.070 0.143
40 0.648 0.682 0.077 0.138
23 0.576 0.679 0.071 0.136
85 0.506 0.677 0.059 0.136
102 0.438 0.673 0.053 0.134
102 0.375 0.676 0.076 0.133
44 0.310 0.675 0.082 0.136
55 0.245 0.666 0.067 0.125
81 0.170 0.664 0.074 0.123
81 0.114 0.665 0.089 0.118
63 0.274 0.379 0.060 0.094
72 0.350 0.376 0.073 0.096
0 0.419 0.375 0.061 0.096
24 0.432 0.531 0.047 0.104
5 0.066 0.067 0.128 0.125
