97 0.488 0.659 0.072 0.069
26 0.562 0.660 0.062 0.068
71 0.485 0.750 0.075 0.048
41 0.416 0.747 0.069 0.023
5 0.279 0.830 0.062 0.059
16 0.344 0.659 0.065 0.067
27 0.491 0.566 0.072 0.072
54 0.416 0.564 0.062 0.072
1 0.566 0.567 0.046 0.074
74 0.557 0.751 0.041 0.067
28 0.345 0.747 0.039 0.068
91 0.348 0.832 0.038 0.061
6 0.416 0.659 0.042 0.069
73 0.706 0.709 0.061 0.140
70 0.271 0.657 0.029 0.068
66 0.569 0.467 0.052 0.080
80 0.413 0.464 0.069 0.075
37 0.402 0.306 0.052 0.086
37 0.322 0.360 0.036 0.079
79 0.337 0.247 0.048 0.078
0 0.735 0.364 0.078 0.082
81 0.501 0.245 0.046 0.089
55 0.580 0.250 0.045 0.084
35 0.738 0.248 0.055 0.086
102 0.260 0.355 0.048 0.085
85 0.253 0.244 0.046 0.087
19 0.661 0.250 0.042 0.087
47 0.494 0.465 0.035 0.062
23 0.653 0.360 0.043 0.082
88 0.496 0.360 0.039 0.084
77 0.573 0.362 0.043 0.081
