37 0.478 0.674 0.045 0.072
37 0.525 0.679 0.045 0.073
37 0.576 0.679 0.046 0.071
81 0.476 0.789 0.069 0.105
81 0.424 0.785 0.052 0.102
55 0.572 0.784 0.051 0.094
44 0.640 0.516 0.061 0.136
102 0.368 0.517 0.052 0.125
85 0.421 0.516 0.067 0.124
21 0.413 0.193 0.062 0.143
21 0.356 0.197 0.052 0.137
21 0.482 0.196 0.052 0.133
78 0.650 0.197 0.064 0.137
78 0.594 0.196 0.054 0.137
78 0.537 0.195 0.055 0.138
35 0.580 0.513 0.054 0.120
35 0.529 0.510 0.054 0.124
47 0.366 0.365 0.059 0.127
60 0.473 0.368 0.058 0.129
60 0.529 0.361 0.058 0.129
