97 0.222 0.199 0.091 0.091
26 0.327 0.203 0.100 0.084
94 0.420 0.228 0.049 0.027
31 0.484 0.228 0.058 0.029
71 0.420 0.154 0.061 0.054
41 0.495 0.150 0.046 0.060
3 0.702 0.192 0.110 0.106
5 0.231 0.300 0.074 0.087
16 0.340 0.296 0.100 0.089
27 0.580 0.302 0.106 0.087
54 0.705 0.300 0.093 0.093
74 0.374 0.500 0.051 0.082
46 0.312 0.405 0.059 0.081
28 0.371 0.410 0.051 0.065
18 0.247 0.401 0.054 0.088
56 0.426 0.402 0.049 0.091
6 0.488 0.409 0.067 0.098
42 0.264 0.500 0.049 0.080
73 0.329 0.499 0.041 0.081
70 0.431 0.504 0.061 0.086
66 0.541 0.501 0.059 0.073
66 0.488 0.498 0.061 0.075
80 0.656 0.499 0.067 0.082
80 0.594 0.502 0.062 0.077
17 0.719 0.497 0.051 0.068
37 0.437 0.595 0.049 0.072
37 0.328 0.594 0.051 0.073
37 0.269 0.604 0.052 0.080
79 0.383 0.595 0.054 0.071
86 0.492 0.597 0.058 0.078
24 0.541 0.598 0.054 0.076
0 0.659 0.598 0.055 0.076
81 0.230 0.701 0.062 0.091
55 0.280 0.702 0.054 0.093
102 0.434 0.706 0.056 0.104
85 0.485 0.706 0.055 0.094
35 0.386 0.709 0.059 0.102
19 0.331 0.706 0.048 0.100
90 0.592 0.711 0.061 0.109
100 0.599 0.599 0.062 0.081
47 0.714 0.603 0.055 0.084
23 0.538 0.708 0.049 0.112
88 0.695 0.710 0.056 0.099
77 0.643 0.712 0.055 0.104
