1 0.192 0.194 0.114 0.169
74 0.503 0.190 0.089 0.173
42 0.308 0.202 0.086 0.155
73 0.433 0.189 0.079 0.167
70 0.607 0.202 0.114 0.154
66 0.705 0.206 0.085 0.133
66 0.803 0.204 0.127 0.128
80 0.922 0.193 0.092 0.155
37 0.220 0.405 0.091 0.128
37 0.319 0.403 0.109 0.132
37 0.424 0.400 0.088 0.128
37 0.607 0.376 0.107 0.148
37 0.514 0.395 0.084 0.127
86 0.700 0.385 0.082 0.142
24 0.796 0.376 0.107 0.131
63 0.880 0.384 0.092 0.128
0 0.964 0.376 0.073 0.138
81 0.243 0.578 0.101 0.173
81 0.344 0.579 0.098 0.176
81 0.435 0.573 0.095 0.162
44 0.517 0.579 0.097 0.180
102 0.610 0.575 0.110 0.179
85 0.690 0.569 0.091 0.170
23 0.771 0.566 0.118 0.170
40 0.861 0.567 0.106 0.179
21 0.932 0.562 0.110 0.161
