97 0.194 0.225 0.116 0.107
26 0.323 0.229 0.110 0.091
94 0.416 0.257 0.055 0.033
31 0.486 0.256 0.065 0.030
71 0.408 0.184 0.071 0.066
41 0.491 0.177 0.058 0.058
3 0.708 0.217 0.111 0.110
5 0.206 0.331 0.090 0.098
16 0.324 0.336 0.114 0.089
27 0.588 0.333 0.132 0.098
54 0.695 0.332 0.094 0.100
74 0.360 0.548 0.059 0.095
46 0.300 0.446 0.067 0.085
28 0.364 0.454 0.051 0.071
18 0.237 0.446 0.051 0.090
56 0.433 0.441 0.052 0.094
6 0.481 0.443 0.062 0.101
42 0.252 0.552 0.049 0.097
73 0.321 0.548 0.038 0.088
70 0.429 0.551 0.067 0.089
66 0.552 0.547 0.052 0.088
66 0.494 0.545 0.064 0.084
80 0.614 0.551 0.062 0.093
80 0.682 0.550 0.069 0.092
17 0.745 0.540 0.052 0.071
37 0.434 0.650 0.056 0.081
37 0.318 0.655 0.056 0.082
37 0.258 0.656 0.064 0.085
37 0.204 0.652 0.045 0.084
79 0.376 0.652 0.062 0.073
86 0.489 0.650 0.065 0.082
24 0.551 0.653 0.054 0.086
0 0.675 0.656 0.056 0.081
81 0.212 0.766 0.068 0.106
55 0.269 0.767 0.056 0.103
102 0.439 0.770 0.059 0.103
85 0.492 0.770 0.055 0.105
21 0.664 0.767 0.061 0.106
35 0.384 0.773 0.069 0.116
19 0.321 0.769 0.052 0.105
100 0.609 0.656 0.065 0.091
47 0.732 0.656 0.064 0.089
23 0.547 0.766 0.061 0.109
