97 0.243 0.254 0.098 0.081
26 0.351 0.254 0.129 0.077
94 0.444 0.279 0.055 0.030
31 0.504 0.280 0.064 0.034
71 0.439 0.210 0.059 0.049
41 0.510 0.207 0.052 0.060
84 0.723 0.247 0.111 0.095
5 0.241 0.349 0.088 0.090
16 0.348 0.352 0.111 0.090
27 0.593 0.351 0.100 0.091
54 0.711 0.353 0.090 0.087
74 0.373 0.558 0.056 0.095
46 0.314 0.461 0.061 0.075
28 0.382 0.462 0.056 0.071
91 0.246 0.456 0.051 0.088
56 0.449 0.455 0.055 0.095
6 0.503 0.458 0.065 0.095
42 0.259 0.561 0.048 0.094
73 0.333 0.562 0.043 0.095
70 0.444 0.561 0.067 0.093
66 0.558 0.565 0.051 0.084
66 0.502 0.560 0.058 0.086
80 0.682 0.562 0.065 0.082
80 0.621 0.562 0.064 0.088
17 0.752 0.557 0.059 0.066
37 0.263 0.668 0.062 0.081
37 0.326 0.674 0.049 0.086
37 0.438 0.665 0.054 0.098
79 0.384 0.673 0.056 0.080
86 0.499 0.668 0.059 0.091
24 0.557 0.664 0.062 0.088
63 0.622 0.672 0.054 0.092
0 0.677 0.674 0.058 0.086
72 0.741 0.671 0.061 0.087
81 0.258 0.799 0.064 0.115
81 0.201 0.790 0.071 0.122
55 0.320 0.798 0.061 0.111
44 0.379 0.794 0.062 0.116
102 0.436 0.796 0.065 0.123
85 0.494 0.790 0.051 0.110
40 0.612 0.794 0.054 0.125
21 0.669 0.794 0.059 0.112
78 0.729 0.790 0.061 0.114
23 0.551 0.792 0.056 0.115
