97 0.230 0.330 0.115 0.166
26 0.357 0.321 0.115 0.183
28 0.597 0.346 0.040 0.138
28 0.693 0.344 0.064 0.139
16 0.362 0.538 0.120 0.185
27 0.632 0.532 0.108 0.170
54 0.774 0.537 0.097 0.168
7 0.192 0.742 0.045 0.161
91 0.252 0.732 0.057 0.176
28 0.394 0.755 0.062 0.146
56 0.472 0.732 0.053 0.178
6 0.533 0.737 0.063 0.194
1 0.191 0.929 0.057 0.142
42 0.262 0.928 0.057 0.143
73 0.338 0.929 0.042 0.142
74 0.382 0.930 0.042 0.141
70 0.466 0.929 0.058 0.142
66 0.531 0.924 0.053 0.129
66 0.592 0.929 0.062 0.142
80 0.661 0.931 0.070 0.138
80 0.732 0.931 0.065 0.138
17 0.809 0.940 0.053 0.120
71 0.472 0.258 0.052 0.112
41 0.549 0.235 0.054 0.119
94 0.464 0.387 0.060 0.066
31 0.538 0.389 0.075 0.072
3 0.782 0.313 0.110 0.211
5 0.214 0.524 0.113 0.175
36 0.506 0.542 0.097 0.141
5 0.329 0.746 0.066 0.174
