97 0.223 0.182 0.129 0.082
26 0.357 0.185 0.106 0.084
28 0.564 0.196 0.042 0.077
28 0.657 0.196 0.071 0.077
16 0.357 0.294 0.112 0.100
27 0.594 0.293 0.114 0.087
54 0.732 0.293 0.088 0.092
7 0.207 0.397 0.047 0.082
91 0.257 0.394 0.051 0.083
28 0.389 0.406 0.051 0.070
56 0.453 0.395 0.053 0.097
6 0.511 0.398 0.057 0.093
1 0.205 0.495 0.062 0.086
42 0.263 0.499 0.054 0.087
73 0.338 0.502 0.038 0.093
74 0.385 0.502 0.041 0.089
70 0.446 0.500 0.053 0.088
66 0.507 0.499 0.051 0.087
66 0.561 0.502 0.051 0.084
80 0.618 0.506 0.062 0.090
80 0.683 0.506 0.065 0.091
17 0.750 0.508 0.051 0.076
37 0.219 0.594 0.044 0.078
37 0.275 0.598 0.061 0.080
37 0.334 0.600 0.049 0.083
79 0.390 0.601 0.054 0.084
86 0.500 0.601 0.056 0.082
81 0.223 0.711 0.059 0.104
81 0.278 0.713 0.055 0.107
55 0.333 0.717 0.057 0.108
44 0.393 0.717 0.062 0.109
102 0.447 0.719 0.050 0.112
85 0.499 0.723 0.053 0.114
23 0.552 0.721 0.061 0.110
40 0.610 0.723 0.057 0.110
21 0.667 0.721 0.057 0.105
78 0.719 0.724 0.050 0.111
71 0.449 0.143 0.042 0.053
41 0.525 0.134 0.043 0.066
94 0.449 0.215 0.049 0.035
31 0.510 0.215 0.064 0.034
3 0.753 0.181 0.095 0.104
36 0.473 0.305 0.083 0.073
5 0.232 0.285 0.106 0.094
24 0.560 0.605 0.051 0.079
63 0.614 0.606 0.051 0.084
0 0.676 0.606 0.048 0.076
72 0.732 0.613 0.064 0.085
46 0.317 0.398 0.065 0.077
