97 0.139 0.203 0.127 0.088
97 0.273 0.195 0.114 0.096
26 0.424 0.197 0.120 0.099
28 0.523 0.197 0.066 0.092
28 0.617 0.191 0.067 0.103
16 0.278 0.317 0.118 0.102
27 0.569 0.314 0.115 0.108
54 0.718 0.315 0.098 0.108
1 0.107 0.438 0.071 0.109
74 0.175 0.435 0.050 0.096
73 0.268 0.444 0.048 0.108
28 0.323 0.455 0.065 0.083
6 0.392 0.443 0.070 0.114
91 0.451 0.447 0.057 0.108
86 0.267 0.559 0.053 0.092
17 0.520 0.577 0.065 0.100
70 0.597 0.572 0.057 0.114
80 0.666 0.580 0.074 0.107
37 0.159 0.701 0.048 0.098
37 0.223 0.706 0.062 0.098
37 0.286 0.698 0.051 0.099
37 0.347 0.698 0.067 0.116
37 0.405 0.699 0.060 0.109
81 0.169 0.827 0.053 0.107
81 0.226 0.828 0.065 0.105
55 0.294 0.831 0.068 0.110
44 0.348 0.835 0.072 0.114
102 0.414 0.840 0.062 0.113
102 0.471 0.844 0.054 0.125
85 0.529 0.848 0.061 0.118
23 0.594 0.850 0.068 0.124
40 0.661 0.852 0.064 0.124
78 0.725 0.860 0.062 0.125
78 0.735 0.715 0.066 0.129
78 0.671 0.710 0.065 0.135
21 0.532 0.709 0.070 0.127
21 0.604 0.707 0.061 0.127
0 0.453 0.579 0.047 0.085
24 0.463 0.701 0.048 0.102
36 0.422 0.326 0.106 0.094
5 0.143 0.316 0.098 0.103
84 0.722 0.190 0.115 0.095
63 0.320 0.568 0.053 0.091
