97 0.081 0.198 0.156 0.099
26 0.230 0.190 0.146 0.120
94 0.345 0.224 0.072 0.041
31 0.442 0.228 0.069 0.038
71 0.348 0.125 0.074 0.069
41 0.445 0.113 0.080 0.091
84 0.753 0.177 0.169 0.144
5 0.078 0.327 0.135 0.117
16 0.238 0.328 0.150 0.119
27 0.580 0.332 0.143 0.129
54 0.742 0.333 0.142 0.138
1 0.052 0.600 0.059 0.116
74 0.271 0.614 0.064 0.122
46 0.201 0.484 0.068 0.107
28 0.282 0.491 0.074 0.098
7 0.054 0.472 0.064 0.105
91 0.118 0.466 0.071 0.123
56 0.363 0.477 0.088 0.126
6 0.443 0.483 0.087 0.131
42 0.136 0.606 0.080 0.112
73 0.214 0.613 0.046 0.107
70 0.358 0.620 0.081 0.124
66 0.455 0.614 0.084 0.101
66 0.523 0.624 0.067 0.098
80 0.599 0.628 0.107 0.113
80 0.682 0.638 0.090 0.116
17 0.779 0.636 0.093 0.095
37 0.366 0.751 0.061 0.105
37 0.230 0.734 0.059 0.104
37 0.152 0.733 0.081 0.100
37 0.083 0.725 0.082 0.099
79 0.293 0.746 0.068 0.091
86 0.437 0.755 0.084 0.097
24 0.514 0.764 0.069 0.102
63 0.592 0.771 0.093 0.107
0 0.684 0.785 0.085 0.112
72 0.758 0.789 0.087 0.130
81 0.153 0.893 0.082 0.129
81 0.081 0.884 0.093 0.123
55 0.219 0.899 0.085 0.131
44 0.291 0.909 0.098 0.140
102 0.364 0.911 0.088 0.136
85 0.431 0.920 0.094 0.144
40 0.587 0.931 0.082 0.137
21 0.663 0.934 0.075 0.132
78 0.748 0.937 0.078 0.126
23 0.509 0.928 0.082 0.142
