97 0.362 0.150 0.136 0.098
26 0.514 0.148 0.128 0.099
3 0.957 0.139 0.086 0.109
5 0.374 0.268 0.127 0.106
16 0.523 0.275 0.134 0.116
27 0.786 0.270 0.126 0.098
54 0.935 0.268 0.114 0.102
1 0.341 0.513 0.070 0.098
74 0.539 0.512 0.047 0.104
46 0.475 0.401 0.076 0.103
28 0.550 0.404 0.053 0.089
28 0.760 0.155 0.044 0.092
28 0.865 0.152 0.070 0.095
6 0.688 0.392 0.067 0.103
91 0.402 0.397 0.059 0.100
31 0.706 0.184 0.070 0.040
71 0.628 0.093 0.064 0.060
94 0.625 0.182 0.067 0.035
41 0.714 0.089 0.048 0.078
7 0.345 0.398 0.045 0.087
56 0.623 0.392 0.060 0.110
42 0.404 0.511 0.055 0.099
73 0.491 0.512 0.038 0.099
70 0.611 0.509 0.064 0.093
66 0.671 0.506 0.059 0.093
66 0.734 0.505 0.070 0.094
80 0.809 0.506 0.065 0.092
80 0.881 0.505 0.074 0.101
17 0.950 0.501 0.060 0.083
37 0.354 0.626 0.064 0.094
37 0.418 0.624 0.067 0.093
37 0.483 0.622 0.064 0.085
37 0.608 0.620 0.073 0.086
37 0.541 0.622 0.050 0.090
86 0.668 0.620 0.050 0.091
24 0.725 0.614 0.071 0.085
63 0.784 0.620 0.062 0.093
0 0.856 0.621 0.076 0.086
81 0.363 0.753 0.070 0.112
81 0.424 0.748 0.067 0.115
81 0.484 0.749 0.067 0.111
44 0.545 0.748 0.068 0.122
102 0.604 0.753 0.065 0.118
85 0.663 0.749 0.070 0.121
23 0.719 0.745 0.082 0.112
40 0.783 0.744 0.080 0.120
21 0.843 0.739 0.088 0.112
78 0.898 0.741 0.068 0.113
