94 0.470 0.250 0.061 0.030
31 0.540 0.252 0.064 0.027
71 0.469 0.173 0.067 0.040
84 0.761 0.220 0.098 0.113
16 0.366 0.338 0.100 0.085
27 0.609 0.335 0.097 0.084
54 0.729 0.334 0.087 0.081
74 0.402 0.541 0.051 0.090
46 0.338 0.438 0.074 0.089
28 0.410 0.444 0.049 0.080
91 0.274 0.438 0.051 0.093
56 0.469 0.434 0.052 0.093
6 0.528 0.434 0.067 0.098
42 0.286 0.543 0.048 0.086
73 0.352 0.543 0.043 0.089
70 0.464 0.544 0.059 0.100
66 0.580 0.534 0.056 0.084
66 0.516 0.538 0.056 0.087
80 0.637 0.537 0.049 0.087
80 0.697 0.538 0.068 0.079
17 0.756 0.531 0.054 0.069
37 0.465 0.649 0.052 0.079
37 0.340 0.653 0.062 0.084
79 0.405 0.649 0.055 0.087
86 0.523 0.644 0.052 0.085
24 0.577 0.645 0.054 0.087
63 0.630 0.641 0.045 0.082
0 0.693 0.648 0.048 0.087
72 0.740 0.642 0.061 0.084
81 0.284 0.780 0.058 0.119
81 0.232 0.782 0.061 0.118
55 0.340 0.778 0.058 0.115
44 0.403 0.769 0.054 0.123
102 0.462 0.773 0.058 0.115
85 0.513 0.761 0.056 0.111
40 0.627 0.761 0.058 0.109
21 0.677 0.760 0.058 0.104
78 0.724 0.756 0.062 0.105
23 0.573 0.760 0.058 0.114
