97 0.233 0.248 0.110 0.101
26 0.357 0.239 0.123 0.110
94 0.462 0.276 0.058 0.034
31 0.536 0.277 0.059 0.029
71 0.460 0.196 0.061 0.061
41 0.542 0.190 0.059 0.067
84 0.799 0.235 0.127 0.124
5 0.230 0.355 0.098 0.098
16 0.364 0.360 0.120 0.111
27 0.634 0.357 0.113 0.102
54 0.766 0.360 0.098 0.101
74 0.401 0.577 0.061 0.094
46 0.329 0.474 0.074 0.089
28 0.402 0.478 0.056 0.084
7 0.218 0.472 0.051 0.088
91 0.269 0.468 0.056 0.093
56 0.467 0.470 0.068 0.100
6 0.531 0.472 0.071 0.099
42 0.279 0.574 0.051 0.088
73 0.356 0.573 0.038 0.091
70 0.470 0.579 0.068 0.092
66 0.591 0.574 0.055 0.084
66 0.531 0.572 0.059 0.073
80 0.721 0.583 0.078 0.095
80 0.655 0.580 0.071 0.094
17 0.792 0.579 0.056 0.073
37 0.465 0.677 0.055 0.075
37 0.350 0.675 0.039 0.071
37 0.290 0.674 0.058 0.072
79 0.407 0.675 0.055 0.077
86 0.523 0.679 0.059 0.075
24 0.587 0.681 0.062 0.078
63 0.647 0.683 0.055 0.079
0 0.714 0.690 0.058 0.081
72 0.769 0.687 0.072 0.087
81 0.295 0.792 0.065 0.082
81 0.235 0.786 0.069 0.090
55 0.351 0.791 0.065 0.091
44 0.410 0.798 0.061 0.111
102 0.465 0.791 0.064 0.104
85 0.522 0.798 0.059 0.102
40 0.632 0.801 0.054 0.109
21 0.694 0.803 0.065 0.103
78 0.750 0.802 0.065 0.104
23 0.576 0.797 0.058 0.104
