97 0.146 0.215 0.151 0.215
26 0.315 0.236 0.127 0.195
28 0.582 0.239 0.050 0.180
28 0.697 0.242 0.066 0.189
16 0.306 0.463 0.139 0.200
27 0.639 0.460 0.129 0.202
54 0.788 0.457 0.109 0.201
7 0.115 0.711 0.066 0.198
91 0.194 0.697 0.064 0.198
28 0.359 0.711 0.067 0.168
56 0.439 0.693 0.066 0.211
6 0.514 0.700 0.072 0.222
1 0.130 0.914 0.062 0.173
42 0.211 0.917 0.071 0.166
73 0.292 0.915 0.058 0.167
74 0.355 0.915 0.049 0.170
70 0.442 0.915 0.067 0.170
66 0.513 0.893 0.064 0.150
66 0.587 0.896 0.073 0.143
80 0.663 0.913 0.071 0.174
80 0.741 0.911 0.073 0.178
17 0.812 0.905 0.059 0.147
71 0.433 0.124 0.071 0.112
41 0.528 0.117 0.064 0.135
94 0.422 0.293 0.071 0.068
31 0.514 0.296 0.079 0.070
57 0.470 0.473 0.122 0.168
46 0.275 0.695 0.080 0.171
5 0.148 0.464 0.119 0.191
84 0.809 0.196 0.123 0.272
