97 0.246 0.256 0.114 0.105
101 0.403 0.242 0.082 0.127
7 0.626 0.254 0.077 0.091
82 0.701 0.254 0.075 0.087
73 0.701 0.403 0.061 0.086
4 0.631 0.407 0.069 0.090
91 0.493 0.401 0.068 0.098
54 0.415 0.403 0.082 0.090
1 0.348 0.397 0.064 0.107
28 0.283 0.406 0.059 0.087
12 0.220 0.403 0.067 0.087
20 0.693 0.545 0.074 0.130
60 0.623 0.539 0.071 0.137
60 0.562 0.538 0.074 0.139
93 0.496 0.540 0.080 0.136
47 0.426 0.537 0.080 0.132
78 0.364 0.537 0.080 0.129
21 0.299 0.537 0.088 0.131
21 0.240 0.534 0.081 0.125
37 0.691 0.726 0.059 0.098
37 0.621 0.726 0.069 0.097
37 0.561 0.725 0.065 0.093
9 0.503 0.696 0.068 0.140
85 0.436 0.695 0.078 0.138
85 0.371 0.690 0.085 0.138
102 0.311 0.691 0.082 0.132
102 0.256 0.692 0.080 0.125
44 0.621 0.864 0.069 0.126
59 0.557 0.854 0.071 0.123
13 0.502 0.849 0.071 0.119
55 0.438 0.849 0.065 0.118
55 0.380 0.844 0.065 0.116
81 0.320 0.843 0.069 0.114
81 0.264 0.837 0.064 0.122
53 0.526 0.257 0.103 0.085
25 0.683 0.863 0.064 0.133
