66 0.648 0.593 0.059 0.099
66 0.588 0.593 0.062 0.098
66 0.512 0.594 0.067 0.101
37 0.593 0.385 0.061 0.115
37 0.512 0.402 0.051 0.095
37 0.456 0.396 0.055 0.095
37 0.387 0.399 0.058 0.094
37 0.320 0.397 0.069 0.098
86 0.452 0.587 0.065 0.099
86 0.373 0.587 0.062 0.102
24 0.309 0.588 0.068 0.110
81 0.506 0.930 0.068 0.139
81 0.445 0.930 0.059 0.139
81 0.375 0.926 0.075 0.137
55 0.577 0.930 0.070 0.140
55 0.650 0.928 0.067 0.144
44 0.307 0.927 0.074 0.147
102 0.512 0.762 0.084 0.152
102 0.444 0.755 0.068 0.146
85 0.587 0.753 0.059 0.153
85 0.647 0.754 0.075 0.150
40 0.382 0.177 0.064 0.138
40 0.313 0.177 0.061 0.137
78 0.452 0.175 0.062 0.139
78 0.521 0.176 0.064 0.141
78 0.586 0.179 0.061 0.141
78 0.661 0.171 0.067 0.149
23 0.379 0.752 0.074 0.157
23 0.312 0.752 0.065 0.155
