37 0.150 0.241 0.066 0.191
37 0.230 0.250 0.088 0.200
37 0.308 0.248 0.062 0.180
37 0.466 0.243 0.077 0.213
37 0.378 0.252 0.079 0.187
86 0.542 0.258 0.073 0.200
24 0.624 0.257 0.089 0.197
63 0.696 0.264 0.064 0.174
0 0.783 0.273 0.078 0.188
72 0.854 0.286 0.064 0.178
81 0.168 0.506 0.068 0.270
81 0.241 0.513 0.093 0.263
81 0.318 0.512 0.065 0.261
44 0.385 0.518 0.070 0.282
102 0.455 0.533 0.075 0.260
85 0.526 0.534 0.065 0.266
23 0.597 0.534 0.084 0.273
40 0.672 0.544 0.077 0.279
21 0.743 0.548 0.077 0.270
78 0.814 0.553 0.078 0.260
