26 0.119 0.410 0.141 0.131
3 0.648 0.404 0.154 0.138
16 0.127 0.552 0.154 0.114
27 0.484 0.550 0.148 0.110
54 0.661 0.548 0.127 0.113
74 0.190 0.831 0.068 0.117
46 0.099 0.697 0.086 0.117
28 0.415 0.423 0.077 0.103
28 0.537 0.423 0.064 0.108
28 0.189 0.705 0.082 0.102
6 0.358 0.691 0.083 0.129
31 0.338 0.454 0.076 0.044
71 0.246 0.363 0.065 0.064
94 0.247 0.455 0.070 0.039
41 0.347 0.356 0.060 0.066
56 0.273 0.690 0.071 0.121
42 0.034 0.834 0.065 0.116
73 0.127 0.835 0.054 0.123
70 0.281 0.834 0.068 0.126
66 0.366 0.822 0.085 0.103
66 0.446 0.821 0.077 0.100
80 0.520 0.837 0.092 0.119
80 0.611 0.833 0.082 0.119
37 0.289 0.955 0.067 0.090
37 0.134 0.954 0.072 0.091
37 0.048 0.956 0.087 0.088
37 0.212 0.954 0.077 0.091
86 0.369 0.955 0.088 0.087
24 0.450 0.954 0.074 0.091
63 0.527 0.953 0.077 0.088
0 0.606 0.947 0.071 0.078
72 0.687 0.957 0.080 0.087
