97 0.334 0.339 0.115 0.093
26 0.465 0.331 0.117 0.104
3 0.879 0.319 0.115 0.118
5 0.329 0.445 0.107 0.086
16 0.466 0.444 0.112 0.092
27 0.735 0.441 0.112 0.091
54 0.889 0.437 0.095 0.084
1 0.323 0.659 0.059 0.093
74 0.494 0.658 0.047 0.089
46 0.443 0.557 0.071 0.084
28 0.516 0.562 0.048 0.081
28 0.701 0.337 0.050 0.084
28 0.802 0.338 0.051 0.086
6 0.637 0.554 0.064 0.104
91 0.372 0.552 0.057 0.089
31 0.647 0.368 0.065 0.036
71 0.582 0.290 0.053 0.056
94 0.577 0.368 0.056 0.030
41 0.651 0.289 0.047 0.050
7 0.321 0.555 0.051 0.081
56 0.570 0.552 0.056 0.094
42 0.374 0.658 0.041 0.093
73 0.456 0.654 0.041 0.087
70 0.576 0.654 0.057 0.084
66 0.629 0.651 0.056 0.078
66 0.687 0.651 0.057 0.076
80 0.749 0.652 0.060 0.086
80 0.818 0.651 0.065 0.084
17 0.885 0.647 0.054 0.076
37 0.326 0.767 0.065 0.091
37 0.390 0.758 0.056 0.082
37 0.448 0.758 0.054 0.079
37 0.566 0.756 0.057 0.083
37 0.505 0.755 0.057 0.078
86 0.620 0.751 0.057 0.080
24 0.685 0.751 0.068 0.078
63 0.741 0.754 0.053 0.083
0 0.810 0.756 0.053 0.079
72 0.867 0.756 0.057 0.083
81 0.334 0.876 0.065 0.102
81 0.395 0.875 0.060 0.097
81 0.453 0.873 0.062 0.100
44 0.508 0.873 0.070 0.107
102 0.569 0.873 0.061 0.109
85 0.620 0.869 0.064 0.108
23 0.675 0.870 0.077 0.102
40 0.730 0.869 0.065 0.106
21 0.791 0.866 0.067 0.101
78 0.849 0.862 0.062 0.099
