26 0.129 0.440 0.171 0.155
3 0.682 0.452 0.139 0.143
16 0.133 0.606 0.164 0.140
27 0.485 0.597 0.135 0.119
54 0.671 0.600 0.126 0.120
74 0.174 0.897 0.060 0.131
46 0.095 0.758 0.089 0.111
28 0.189 0.759 0.082 0.110
28 0.461 0.469 0.080 0.105
28 0.578 0.469 0.064 0.104
6 0.365 0.745 0.082 0.133
31 0.374 0.501 0.082 0.049
71 0.284 0.402 0.079 0.073
94 0.278 0.495 0.077 0.043
41 0.385 0.404 0.068 0.068
56 0.272 0.745 0.077 0.129
42 0.029 0.901 0.057 0.136
73 0.115 0.900 0.057 0.136
70 0.281 0.897 0.077 0.137
66 0.362 0.868 0.077 0.084
66 0.450 0.869 0.077 0.093
80 0.532 0.875 0.080 0.108
80 0.614 0.877 0.070 0.114
17 0.699 0.869 0.082 0.098
