97 0.179 0.253 0.138 0.106
26 0.314 0.249 0.118 0.103
28 0.557 0.270 0.052 0.073
28 0.648 0.274 0.053 0.085
16 0.317 0.371 0.121 0.106
27 0.585 0.366 0.098 0.087
54 0.714 0.370 0.088 0.093
7 0.164 0.482 0.056 0.088
91 0.215 0.481 0.060 0.095
28 0.359 0.492 0.062 0.073
56 0.423 0.472 0.055 0.093
6 0.488 0.476 0.065 0.099
1 0.167 0.594 0.065 0.093
42 0.232 0.593 0.063 0.098
73 0.312 0.588 0.039 0.091
74 0.355 0.586 0.049 0.093
70 0.428 0.584 0.062 0.093
66 0.480 0.577 0.045 0.078
66 0.534 0.575 0.065 0.073
80 0.604 0.577 0.063 0.083
80 0.659 0.575 0.055 0.079
17 0.718 0.572 0.040 0.071
37 0.173 0.702 0.060 0.087
37 0.290 0.692 0.062 0.084
79 0.359 0.687 0.056 0.085
37 0.417 0.685 0.069 0.083
86 0.473 0.679 0.059 0.077
81 0.182 0.827 0.063 0.117
81 0.241 0.819 0.062 0.116
55 0.301 0.816 0.063 0.113
44 0.358 0.808 0.062 0.107
102 0.418 0.806 0.068 0.106
85 0.476 0.805 0.063 0.113
23 0.532 0.796 0.063 0.107
40 0.588 0.794 0.062 0.110
21 0.638 0.789 0.065 0.103
78 0.696 0.784 0.063 0.108
71 0.434 0.214 0.043 0.062
41 0.508 0.205 0.047 0.062
36 0.456 0.367 0.101 0.071
3 0.728 0.257 0.084 0.108
5 0.195 0.364 0.127 0.102
46 0.291 0.482 0.072 0.088
24 0.528 0.681 0.054 0.075
63 0.595 0.681 0.048 0.085
94 0.425 0.291 0.064 0.043
31 0.492 0.291 0.072 0.039
46 0.287 0.479 0.068 0.085
72 0.704 0.676 0.056 0.077
